Date,Open,High,Low,Close,Volume,Dividends,Stock Splits
2019-05-24,28.577700253190663,30.739038927801722,27.37695654507341,27.857254028320312,44000,0.0,0
2019-05-28,28.097400800628918,29.298144424587417,27.38656079510821,27.631511688232422,61500,0.0,0
2019-05-29,28.72178754469279,28.72178754469279,26.57005515850426,27.376955032348633,207800,0.0,0
2019-05-30,27.847646067489684,28.010947274576843,27.107987551142593,27.665132522583008,666000,0.0,0
2019-05-31,27.37695458155125,27.463408268910246,25.907243728637695,25.907243728637695,853800,0.0,0
2019-06-03,25.494189908390563,25.93606268957689,23.40969887079255,23.832359313964844,19259600,0.0,0
2019-06-04,23.390485318934914,26.839021029348434,23.390485318934914,26.65650749206543,20135100,0.0,0
2019-06-05,26.454782532977042,27.107985479210335,25.41733835629003,26.906261444091797,10740200,0.0,0
2019-06-06,26.59887289912108,26.59887289912108,25.19640341320394,25.840002059936523,13986100,0.0,0
2019-06-07,25.13876788399855,25.868820206885356,24.70169729034407,25.273250579833984,10049100,0.0,0
2019-06-10,25.04271071097041,25.686309417658872,24.13014658382019,24.312658309936523,10247200,0.0,0
2019-06-11,24.024477830342537,24.36068640004581,23.563392734161123,23.966842651367188,11641200,0.0,0
2019-06-12,24.12053603011858,24.447138408907897,23.51536027969577,24.082111358642578,13392000,0.0,0
2019-06-13,24.072507152473932,24.197385512758267,23.72669424195504,23.986053466796875,9710800,0.0,0
2019-06-14,23.78433156697406,24.24541671071439,23.58260567146923,24.1973876953125,7036800,0.0,0
2019-06-17,24.523990675518817,25.840004781565725,24.44714314985323,24.927440643310547,13710100,0.0,0
2019-06-18,25.004285250823767,26.48360040528866,24.73531802628955,26.224239349365234,14485400,0.0,0
2019-06-19,26.39715070216515,26.39715070216515,25.811188986025208,26.080154418945312,10228800,0.0,0
2019-06-20,26.291485727645387,26.512422135999575,25.37891975270132,26.089759826660156,7728000,0.0,0
2019-06-21,25.811188161920587,26.618086267107703,25.811188161920587,26.137788772583008,12548900,0.0,0
2019-06-24,26.070543134712562,27.32892368286918,25.98697148699356,26.906261444091797,6494900,0.0,0
2019-06-25,26.915868990248704,26.983110338730697,26.397146875348767,26.579660415649414,6698600,0.0,0
2019-06-26,26.829414971143105,28.217474263016072,26.75256745494842,28.107006072998047,6735100,0.0,0
2019-06-27,28.22227543932831,29.134841265233856,28.107005085182095,28.404788970947266,5879600,0.0,0
2019-06-28,28.433607475578444,28.577696334355835,28.107005085182095,28.404788970947266,15517800,0.0,0
2019-07-01,28.41439623159722,29.538292304773744,27.809222268589544,28.510456085205078,5272900,0.0,0
2019-07-02,28.337550345878824,28.433610205014602,27.031140658886848,27.847646713256836,5438300,0.0,0
2019-07-03,27.645922016952866,27.761192379491227,27.088777045512455,27.665132522583008,2234900,0.0,0
2019-07-05,27.32892665116027,28.16464321912039,27.146413100380126,27.511438369750977,2888200,0.0,0
2019-07-08,27.271289963401777,27.271289963401777,26.550843753036265,26.675722122192383,3478600,0.0,0
2019-07-09,26.387545451925682,26.67572506720068,25.772765204175812,25.92646026611328,5285700,0.0,0
2019-07-10,25.753548675564883,25.93606221900796,25.39812958970082,25.455764770507812,5133700,0.0,0
2019-07-11,25.503795377980495,25.743944117254095,24.937044206719644,25.388525009155273,6066200,0.0,0
2019-07-12,25.378916508544247,26.637295273736623,25.22522147610194,26.512418746948242,5154500,0.0,0
2019-07-15,26.32990449482328,27.156016645939697,26.320298326532473,26.97350311279297,3443100,0.0,0
2019-07-16,26.829417868580276,27.3769567096224,26.622889802967613,26.762176513671875,3735900,0.0,0
2019-07-17,26.512418817169763,26.618083007135393,25.791972663617265,25.820789337158203,3999300,0.0,0
2019-07-18,25.53261216630834,25.916849756824508,25.372192995170206,25.599853515625,3009800,0.0,0
2019-07-19,25.734336400675815,26.397145514856984,25.590245710281508,26.310691833496094,4694800,0.0,0
2019-07-22,26.262664873371165,26.752568495233376,26.137786509580536,26.666114807128906,2546100,0.0,0
2019-07-23,26.560445921249336,27.35773953399361,26.368328060073246,27.011926651000977,2921400,0.0,0
2019-07-24,26.675721677486976,27.396167875842078,26.541237141238547,27.20404815673828,2311800,0.0,0
2019-07-25,26.992718188439106,27.28089593764875,26.656509592901557,26.915870666503906,3532200,0.0,0
2019-07-26,26.627691822230016,27.400971063715968,26.560450467698978,27.357744216918945,3052700,0.0,0
2019-07-29,27.242471778411357,27.809222912410533,27.204047103202907,27.64592170715332,6245200,0.0,0
2019-07-30,27.0186998089181,28.263490790698917,26.825708359796113,28.10909652709961,7142300,0.13,0
2019-07-31,28.080152019774008,29.093352631829045,27.70381883887961,28.46613311767578,7662000,0.0,0
2019-08-01,28.466131591796877,31.631178265437487,28.282789889932612,30.154800415039062,11564200,0.0,0
2019-08-02,29.855664573397938,30.434637095177713,29.768818603105828,30.357439041137695,7305800,0.0,0
2019-08-05,29.5565294454808,29.884613833230436,28.601225554269693,28.852113723754883,5552500,0.0,0
2019-08-06,29.006504538911035,29.160896966809865,28.4371817708455,28.996854782104492,5355900,0.0,0
2019-08-07,28.54332892086849,29.74952098453011,28.3985862413297,29.566179275512695,4925200,0.0,0
2019-08-08,29.633726053992678,30.67587777504131,29.59512886460368,30.502185821533203,3962600,0.0,0
2019-08-09,30.820619417727094,30.878516120111467,30.125851627102676,30.521482467651367,4753200,0.0,0
2019-08-12,30.386387959809024,30.71447232367128,28.475780316495566,28.59157371520996,7112500,0.0,0
2019-08-13,28.30209176070474,29.093353495005232,28.16699883255679,28.56262969970703,6855400,0.0,0
2019-08-14,28.099451006149014,28.33103966053311,27.288889795553164,27.346786499023438,4580100,0.0,0
2019-08-15,27.916113082407445,28.205598479506452,26.951159304739733,27.423986434936523,3561600,0.0,0
2019-08-16,27.684517602604952,29.247741308116055,27.55907261161162,29.180194854736328,4285100,0.0,0
2019-08-19,29.672326298999895,29.759172279310388,29.189849448609653,29.498634338378906,4207300,0.0,0
2019-08-20,29.546879190503724,29.604775889494757,29.0354531346581,29.199495315551758,3073700,0.0,0
2019-08-21,29.23809403083376,29.894262788732842,29.21879635716253,29.508281707763672,2815400,0.0,0
2019-08-22,29.701275966591965,29.865318171520794,29.151250803828383,29.22844886779785,3351400,0.0,0
2019-08-23,28.755619494852542,29.103003415463853,27.80031555367455,28.031904220581055,3911600,0.0,0
2019-08-26,28.321387174848038,28.44200636908461,27.66521846372062,28.002952575683594,3479800,0.0,0
2019-08-27,28.128400368841003,28.39858807109087,27.534954056143263,27.723119735717773,3528400,0.0,0
2019-08-28,27.48187892897324,28.495081344343458,27.317836738323,28.14769744873047,5091800,0.0,0
2019-08-29,28.514377411630377,29.168617290241507,28.48542998229554,28.66876983642578,3135600,0.0,0
2019-08-30,28.948609183740643,28.977558455505466,28.23454371140207,28.29244041442871,5220200,0.0,0
2019-09-03,27.974003664104167,28.080149145350223,27.018699854398285,27.240638732910156,3279100,0.0,0
2019-09-04,27.616977441547096,27.82926660632371,27.18274751302307,27.433635711669922,2962100,0.0,0
2019-09-05,27.73276548299958,27.974003876387364,26.97045311695567,27.46257781982422,4972700,0.0,0
2019-09-06,27.452931425474947,27.80031347966714,26.91255606917068,27.39503288269043,5140000,0.0,0
2019-09-09,27.356435304624032,27.809962840285156,27.038000685861338,27.742416381835938,4661000,0.0,0
2019-09-10,27.694172991290458,28.10910155222556,27.153797573345933,27.559078216552734,3682900,0.0,0
2019-09-11,27.501179271871138,28.273141462599636,27.124847933953873,28.24419403076172,3033600,0.0,0
2019-09-12,28.466132632432675,29.03545543232157,27.887160075197844,28.852113723754883,7967600,0.0,0
2019-09-13,28.987209221062436,29.28634434435881,28.85211445529708,29.06440544128418,4919600,0.0,0
2019-09-16,28.996856031062105,29.006505788284283,27.82926301472356,28.36963653564453,3300700,0.0,0
2019-09-17,28.292437917097825,28.43718058213971,27.945054048595026,27.964353561401367,4118200,0.0,0
2019-09-18,27.742417798343848,28.427534015313658,27.742417798343848,28.128398895263672,3606000,0.0,0
2019-09-19,28.234541039431033,28.668769031792245,28.04154959360194,28.118745803833008,3222400,0.0,0
2019-09-20,28.32138823924955,28.53367736650335,27.838911444170353,27.906457901000977,6865000,0.0,0
2019-09-23,27.636270245834996,27.98365412741208,27.448104590148382,27.86785888671875,3314300,0.0,0
2019-09-24,27.70381745429748,27.9740051295768,26.981068505767755,27.250289916992188,2840500,0.0,0
2019-09-25,27.230990483669146,27.50117815974951,26.79676245913278,27.211692810058594,3154200,0.0,0
2019-09-26,27.12484744349181,27.211693418441328,26.52657537611769,26.67131805419922,3532100,0.0,0
2019-09-27,26.584473778258445,27.2406425907002,26.352885110426612,26.825712203979492,4534900,0.0,0
2019-09-30,26.92220392201697,27.356433759671617,26.7871110127479,27.018699645996094,6245000,0.0,0
2019-10-01,27.047649872287913,27.385382157409566,26.275685893645615,26.584470748901367,5843200,0.0,0
2019-10-02,26.198492819429337,26.700269189603702,25.687068531812084,25.995853424072266,5181600,0.0,0
2019-10-03,25.966901312300166,26.208139713076275,25.580920239158978,25.937952041625977,3622400,0.0,0
2019-10-04,26.05374796593677,26.090416306882922,24.896769139760433,24.982648849487305,4851400,0.0,0
2019-10-07,25.088794708251953,25.542322257704654,24.82825678302246,25.088794708251953,5474100,0.0,0
2019-10-08,24.741407734164635,25.50372190057279,24.693160794228607,25.30108070373535,6214200,0.0,0
2019-10-09,25.851110232241183,25.88970742277016,24.837907753686252,25.252838134765625,3916700,0.0,0
2019-10-10,25.252834782176794,25.783558504886855,24.808955186753213,24.82825469970703,3003300,0.0,0
2019-10-11,25.18529247790153,26.169545714717955,25.079146979665495,25.725666046142578,4555600,0.0,0
2019-10-14,25.47477301562792,25.831806634236262,25.281783412477118,25.4072265625,3064900,0.0,0
2019-10-15,25.30108400297927,26.140594487058323,25.151517365372527,25.764263153076172,3826500,0.0,0
2019-10-16,25.42653021675709,26.275688658048345,25.368633510431188,25.928306579589844,3023500,0.0,0
2019-10-17,26.101995845248695,26.25638828407248,25.7256645056786,25.831809997558594,2196500,0.0,0
2019-10-18,25.66776724674372,25.706364435364325,24.741410793310074,25.12739372253418,4332300,0.0,0
2019-10-21,25.36862980345419,25.648465376891146,24.53876915853242,24.60631561279297,3318300,0.0,0
2019-10-22,24.61596671510211,25.13704070539027,24.345779042784176,25.069494247436523,4166600,0.0,0
2019-10-23,24.982645364540637,25.108090349411242,24.33130249245229,24.712459564208984,4140000,0.0,0
2019-10-24,24.731758339864395,25.61951566739441,24.606315189894016,25.445825576782227,5359700,0.0,0
2019-10-25,25.44582891596326,26.01514988415755,25.32038390902829,25.793210983276367,2676900,0.0,0
2019-10-28,25.85110951253733,26.188841822149953,25.667767801245443,25.831809997558594,2943500,0.0,0
2019-10-29,25.580919460316853,26.285335127415596,25.49407349144135,25.84145736694336,2837000,0.0,0
2019-10-30,26.101995448546194,26.623071302034358,25.96690252675431,26.516925811767578,5993500,0.0,0
2019-10-31,25.571272009976052,26.51692615579406,24.365079934033787,25.455476760864258,7084400,0.0,0
2019-11-01,25.26248550415039,25.667766089155588,24.615966519511222,25.26248550415039,10081500,0.0,0
2019-11-04,25.252834294418914,25.494072680173584,24.751058010328524,24.83790397644043,8316200,0.0,0
2019-11-05,24.587017816348165,25.11774341209178,23.892251871950837,24.760709762573242,8240500,0.0,0
2019-11-06,24.91510210707811,25.397578915783736,24.81860637723639,25.214237213134766,6560000,0.0,0
2019-11-07,25.54231868724871,25.55196844318642,25.20458643194255,25.23353385925293,4554200,0.0,0
2019-11-08,25.185288333328003,25.439071591272782,25.00194664122884,25.281784057617188,2998800,0.0,0
2019-11-11,25.12739566987446,25.802862167358402,24.789661500880914,25.8028621673584,3258300,0.0,0
2019-11-12,25.98620101437611,26.285336118165162,25.600219938438144,25.783559799194336,4665500,0.0,0
2019-11-13,25.571271843387986,25.60987087300814,24.56771915930036,24.818607330322266,3759900,0.0,0
2019-11-14,24.808957734539078,25.9186559168084,24.808957734539078,25.455476760864258,7274500,0.0,0
2019-11-15,25.638816620857657,25.68706540471405,24.543594074106878,24.587017059326172,4788600,0.0,0
2019-11-18,24.60631657286873,24.862028685547415,24.471223659076657,24.587017059326172,4656400,0.0,0
2019-11-19,24.654566157630388,25.016423793058447,24.422977491816805,24.7993106842041,4135100,0.0,0
2019-11-20,24.7221094547836,24.79930566108531,24.041817311592684,24.104537963867188,4531200,0.0,0
2019-11-21,24.094891431318512,24.51947154302762,24.056294243255675,24.2299861907959,4165700,0.0,0
2019-11-22,24.152789963445965,24.678689764152438,24.152789963445965,24.644916534423828,11212400,0.0,0
2019-11-25,24.83790615914351,25.19493981125703,24.751060185399762,25.02124786376953,6107900,0.0,0
2019-11-26,24.876503780484448,25.286608312906605,24.799307568246057,24.972997665405273,7580900,0.0,0
2019-11-27,24.992394765484466,25.428814976705446,24.90511035328133,25.263944625854492,6745600,0.13,0
2019-11-29,25.186359467878574,25.293040830499013,24.77903281490342,25.234851837158203,8233100,0.0,0
2019-12-02,25.24455218903265,25.35123170979455,24.284425403406214,24.42020034790039,7232800,0.0,0
2019-12-03,24.07106507161834,24.11955744935917,23.5667554418841,23.90619468688965,8645000,0.0,0
2019-12-04,24.148644997879096,24.451230700183878,23.877095149498864,24.090456008911133,13263000,0.0,0
2019-12-05,24.21653550361364,24.332915345971294,23.372788583251268,24.071062088012695,7510700,0.0,0
2019-12-06,24.24562889837026,24.78873046775124,24.187439906956683,24.497783660888672,5835800,0.0,0
2019-12-09,24.70144862147153,25.341533142890473,24.62871283709817,24.99239730834961,6603500,0.0,0
2019-12-10,24.91481331577228,25.09907879713854,24.65296003198442,25.08938217163086,5134600,0.0,0
2019-12-11,25.10877476579179,25.47730939132294,25.05058576957971,25.409421920776367,5215000,0.0,0
2019-12-12,25.331833739215536,26.258016683740866,25.215453907272316,26.165882110595703,4930200,0.0,0
2019-12-13,26.16588609479751,26.33075646944117,25.661576495911618,25.690671920776367,6268800,0.0,0
2019-12-16,26.127092999914833,26.728383624713544,26.03980857860617,26.718685150146484,9527400,0.0,0
2019-12-17,26.437437215703294,26.71868558353045,25.77795573280526,25.962223052978516,9227900,0.0,0
2019-12-18,25.904030824820794,27.09691725524922,25.690669941634276,26.98053741455078,13869000,0.0,0
2019-12-19,26.902952922362243,27.416960984341006,26.631401179276214,26.873857498168945,11975100,0.0,0
2019-12-20,26.8447649258996,27.39756505764416,26.612007073048996,27.32967758178711,30573900,0.0,0
2019-12-23,27.33937549722862,27.87762883021262,27.25209107297203,27.79519271850586,5970800,0.0,0
2019-12-24,27.737001881471542,28.16372549959121,27.5236391475143,27.940664291381836,1698400,0.0,0
2019-12-26,27.81458917478534,28.31889876158777,27.766096801172658,28.309200286865234,2599300,0.0,0
2019-12-27,28.31889488088834,28.396480818241677,28.105532165820666,28.260704040527344,2738200,0.0,0
2019-12-30,28.251010054408354,28.347992953953057,27.921271155628286,27.989158630371094,2795600,0.0,0
2019-12-31,27.97945856679309,28.697129023003402,27.940664669259906,28.668033599853516,3414500,0.0,0
2020-01-02,28.910488699730607,28.910488699730607,27.85337908353959,27.87277603149414,6896100,0.0,0
2020-01-03,27.562432455291745,28.027948110673297,27.504243460817747,27.54303550720215,5611400,0.0,0
2020-01-06,27.23269023447141,27.640986165318587,27.130859037311424,27.504241943359375,6972800,0.0,0
2020-01-07,27.45574808425634,27.853376227579783,27.31997316208577,27.610919952392578,6014800,0.0,0
2020-01-08,27.64002048638585,27.911572230774762,27.25209074425521,27.833986282348633,3684500,0.0,0
2020-01-09,27.93096654277874,27.979458915299233,27.52363986258095,27.863079071044922,3703200,0.0,0
2020-01-10,27.940665628436168,28.057045475236087,27.46545146611008,27.49454689025879,4498700,0.0,0
2020-01-13,27.4848458612976,27.737000631101537,27.30542872020826,27.71760368347168,4735100,0.0,0
2020-01-14,27.69820903574317,27.92127025241879,27.446054245001733,27.775794982910156,5370600,0.0,0
2020-01-15,27.78548931253537,28.018247119313894,27.615770656486845,27.814584732055664,6336800,0.0,0
2020-01-16,27.90187282391656,28.377086973376116,27.66426482428935,28.338293075561523,5847900,0.0,0
2020-01-17,27.601224436027643,27.766094794807486,26.796269590171885,27.44605255126953,8668600,0.0,0
2020-01-21,27.213295246152843,27.494545448793758,26.87385604806012,26.98053741455078,5514000,0.0,0
2020-01-22,26.98053533304812,27.397560442835417,26.670191581521205,27.31027603149414,8672900,0.0,0
2020-01-23,27.16480620674583,27.649718844817418,26.67989356867424,27.591529846191406,4139400,0.0,0
2020-01-24,27.45575088049542,27.499393088465652,26.8738553908239,27.10661506652832,4996200,0.0,0
2020-01-27,26.408339662015255,26.699288330900185,26.156184888899556,26.340452194213867,4195000,0.0,0
2020-01-28,26.47622922487567,26.747780967363823,26.185282382762935,26.728384017944336,5618800,0.0,0
2020-01-29,26.718685270420423,27.14540890431758,26.67989322177244,26.96114158630371,3499600,0.0,0
2020-01-30,27.09691687137633,28.55844343249632,26.7671761521627,28.357688903808594,9762200,0.0,0
2020-01-31,27.911571172961015,28.27040547715939,27.60122554122329,28.047346115112305,6788300,0.0,0
2020-02-03,28.18311981947832,29.346910800445954,27.95036199324375,29.211135864257812,9430800,0.0,0
2020-02-04,29.686349680234024,30.17126227559991,29.138397929528036,30.016090393066406,5853400,0.0,0
2020-02-05,29.405100205850196,30.753156661987305,28.794111134662778,30.753156661987305,5745300,0.0,0
2020-02-06,31.03440798953863,31.102295461048566,30.355529574849523,30.63677978515625,6383600,0.0,0
2020-02-07,30.46221069207319,30.481607640856843,29.865768390437143,30.103376388549805,3716100,0.0,0
2020-02-10,29.81242593480507,30.079127490451672,29.545724379158468,29.676651000976562,3416600,0.0,0
2020-02-11,29.73484223881658,30.404022184250735,29.492385924508035,29.58936882019043,3705400,0.0,0
2020-02-12,29.812425749750627,30.15186493200964,29.725141335747033,30.006391525268555,3023400,0.0,0
2020-02-13,29.754236941706385,30.103374599887967,29.536025905342896,29.676651000976562,4543000,0.0,0
2020-02-14,29.73483658893101,29.99668980258055,29.65725065708609,29.783327102661133,3895500,0.0,0
2020-02-18,29.75423549380263,30.53009486334593,29.68634803019192,30.4525089263916,3524700,0.0,0
2020-02-19,30.452513584486606,30.840443328596994,30.277944737188204,30.568893432617188,3042600,0.0,0
2020-02-20,30.423416219220957,31.111993047794822,30.374923851127193,30.617380142211914,2460300,0.0,0
2020-02-21,30.4040209717684,30.714364745739953,30.23915061062166,30.277942657470703,3955200,0.0,0
2020-02-24,29.550574983216247,29.957901666090216,29.356611041244523,29.73484230041504,3441300,0.0,0
2020-02-25,29.69604780081961,29.890011726781506,27.37816436468634,27.523637771606445,5045600,0.0,0
2020-02-26,27.552732144994817,28.447881076909223,27.465447734203497,27.640016555786133,4157900,0.0,0
2020-02-27,27.27148270003902,27.804885766571086,26.418035573834214,26.466527938842773,4702500,0.0,0
2020-02-28,25.72946467082243,26.379247665405273,25.079681676239588,26.379247665405273,9732700,0.0,0
2020-03-02,26.57414627842134,27.538884022890567,26.176556375967,27.519393920898438,7440100,0.13,0
2020-03-03,27.753263591016022,28.513360676886496,26.78852605434082,27.20755386352539,8503900,0.0,0
2020-03-04,27.470666279488977,28.182038164165824,27.100361833576276,28.162548065185547,6341400,0.0,0
2020-03-05,27.285512635748432,27.69966699478411,26.466947107981735,26.61311912536621,3974300,0.0,0
2020-03-06,25.843279388063607,25.90174782451605,24.284106832799733,24.654409408569336,5843700,0.0,0
2020-03-09,22.68595794649847,23.699418988940646,22.28642018781629,22.48131561279297,7758500,0.0,0
2020-03-10,23.777376986335465,25.32680459401878,23.270645547375768,25.24884605407715,6696200,0.0,0
2020-03-11,24.371813226581434,25.005226627428783,23.82610341986292,24.36206817626953,6382300,0.0,0
2020-03-12,22.286419727241892,24.31334362891579,21.69198469718947,21.769943237304688,6448100,0.0,0
2020-03-13,23.22192126742424,24.362066032072352,21.000100176175113,24.18665885925293,7214500,0.0,0
2020-03-16,20.961121729335485,22.744424879373216,20.04023593544328,20.210769653320312,6308300,0.0,0
2020-03-17,20.688264864512632,23.524009042423785,20.19127852237548,22.091520309448242,7555300,0.0,0
2020-03-18,20.54209410428682,22.802893545723308,19.859955508583887,21.019590377807617,7526200,0.0,0
2020-03-19,20.63954373913923,24.167170047624914,20.015875410275072,22.666467666625977,5291400,0.0,0
2020-03-20,22.60799875637471,22.646977096780848,20.571329821173205,21.955095291137695,10607100,0.0,0
2020-03-23,21.653002681875122,22.928600418907372,20.873417346102446,21.360658645629883,8693500,0.0,0
2020-03-24,22.422847125812137,23.35834962463571,20.95137802736076,21.76019859313965,8305600,0.0,0
2020-03-25,22.16947750628671,24.498490152829568,21.57504256958297,22.80289077758789,5823500,0.0,0
2020-03-26,22.52029562780087,24.215895290413375,22.301036650161702,23.524011611938477,7085600,0.0,0
2020-03-27,22.520297654682466,24.176917266513033,22.0866531146994,22.61774444580078,4538800,0.0,0
2020-03-30,22.68595792456272,23.699418966024954,22.325398507753217,23.47528839111328,4469500,0.0,0
2020-03-31,23.6117168169969,23.943041103926706,22.75417280644104,22.900344848632812,4090400,0.0,0
2020-04-01,22.65672298443202,22.997792304320413,21.779688918060625,21.935606002807617,6706600,0.0,0
2020-04-02,22.266929926334573,22.832129814423652,21.2602883816774,21.672494888305664,6302000,0.0,0
2020-04-03,21.643259387975228,22.461824986256076,21.555557656932038,22.04279899597168,5961100,0.0,0
2020-04-06,22.900340366596176,23.94498617103147,22.627484578210527,23.640947341918945,6132500,0.0,0
2020-04-07,24.362066545704636,25.268335718593356,23.72865318725195,23.90406036376953,5777100,0.0,0
2020-04-08,23.923547167443804,25.502209802601552,23.787120197759354,25.385271072387695,4231800,0.0,0
2020-04-09,25.531447684215248,27.35372930668333,25.531447684215248,27.217302322387695,6076900,0.0,0
2020-04-13,26.622868388046797,26.788530529616626,25.239102811015982,25.882261276245117,3453900,0.0,0
2020-04-14,26.885976404945524,27.13446866234802,25.375529044133003,25.765321731567383,2853300,0.0,0
2020-04-15,25.404762422387442,25.482720960145496,23.986890239071585,24.859052658081055,2927100,0.0,0
2020-04-16,24.732369913446618,25.087081925711672,23.952784503056126,24.51798439025879,2663500,0.0,0
2020-04-17,25.27808049553491,25.643511489777946,24.284107745111093,24.859052658081055,5696900,0.0,0
2020-04-20,25.200123877805066,25.200123877805066,23.94304026966477,24.001508712768555,4242500,0.0,0
2020-04-21,23.397330073321992,24.31334434049342,23.251158038662723,23.65069580078125,5773900,0.0,0
2020-04-22,24.1184480683048,24.57158269585813,23.670186895362516,24.303600311279297,3936700,0.0,0
2020-04-23,24.634922784343782,25.180632563934576,24.371812015036756,24.751859664916992,2754500,0.0,0
2020-04-24,24.927267292653603,25.999198630132053,24.732370009956345,25.599660873413086,3851300,0.0,0
2020-04-27,25.65812796143223,25.88225852363771,24.859052490140932,24.90777587890625,4908800,0.0,0
2020-04-28,25.482721613526575,25.838407567334933,25.151397354890097,25.52170181274414,3812800,0.0,0
2020-04-29,26.13562589329417,26.56439880462268,25.784811524145546,26.359756469726562,2008800,0.0,0
2020-04-30,26.018688200698858,26.018688200698858,25.20012260391205,25.52170181274414,2678300,0.0,0
2020-05-01,25.170887630706883,25.170887630706883,24.449770668237623,24.839563369750977,2457600,0.0,0
2020-05-04,24.508240079647173,24.81032920295199,24.18471296098031,24.771350860595703,4121600,0.0,0
2020-05-05,24.75185999985491,25.83353638252429,24.566707767983974,25.5119571685791,2412300,0.0,0
2020-05-06,25.521700719241032,26.047920375384308,24.371810913085934,24.371810913085938,3304300,0.0,0
2020-05-07,25.307313299489213,26.554651738340908,25.307313299489213,25.775066375732422,4475300,0.0,0
2020-05-08,26.038175494420962,26.28179615463377,24.810327143907024,25.317058563232422,4765100,0.0,0
2020-05-11,24.459513641069755,24.508237027617128,23.67018325519839,23.757884979248047,6871900,0.0,0
2020-05-12,23.670185933695727,23.826103018704423,22.627487872017458,22.656723022460938,4881100,0.0,0
2020-05-13,22.559273571882578,22.80289424082014,21.80892146547212,22.676212310791016,4581500,0.0,0
2020-05-14,22.313626283217435,22.891801190868726,21.931441697525184,22.852602005004883,3357400,0.13,0
2020-05-15,22.735009163603845,22.803605872696213,22.166634027969753,22.313627243041992,3601200,0.0,0
2020-05-18,23.215188234340676,23.793363172788922,22.57821638308486,23.52877426147461,5834600,0.0,0
2020-05-19,23.62677004005558,23.891357078641782,23.117191818351554,23.509174346923828,6195900,0.0,0
2020-05-20,24.185343484214325,25.09180312742,24.155944095952094,24.587125778198242,4719600,0.0,0
2020-05-21,24.440133653961556,24.969309582200687,24.01875174920221,24.05794906616211,4021000,0.0,0
2020-05-22,24.0089518303551,24.17554463210604,23.76396252596372,24.04815101623535,3830600,0.0,0
2020-05-26,24.920314220829965,25.537686492035462,24.694924492383528,25.1261043548584,3797800,0.0,0
2020-05-27,25.371094256993253,25.650381941905767,24.949712312986232,25.28289794921875,5831000,0.0,0
2020-05-28,25.733678714002195,26.919426140226875,25.400493085169433,26.449047088623047,4069200,0.0,0
2020-05-29,26.194257231353028,26.88022806414734,26.1746576374743,26.762632369995117,6293700,0.0,0
2020-06-01,26.55684224395307,26.7038354598161,25.968867511380797,26.282453536987305,3167100,0.0,0
2020-06-02,26.390247091993114,27.46820036118389,26.213854500964807,27.44860076904297,4302500,0.0,0
2020-06-03,27.605397578266302,28.369764955186902,27.585797983420075,27.928783416748047,3287700,0.0,0
2020-06-04,28.222769125903625,29.575111229051952,28.05617631230188,29.565311431884766,6759100,0.0,0
2020-06-05,30.378675730005806,31.054846777672488,29.878897292088705,30.035690307617188,4189400,0.0,0
2020-06-08,29.094931810817776,30.202282701265617,28.722547002263525,29.408517837524414,4850400,0.0,0
2020-06-09,29.045932005115283,29.364418855868955,28.497156473886896,28.99693489074707,5365200,0.0,0
2020-06-10,28.889137668066052,29.52610947116965,28.555952072143555,28.555952072143555,4184300,0.0,0
2020-06-11,27.86018591856571,27.869985715712577,26.478446295900312,26.556842803955078,5928500,0.0,0
2020-06-12,27.869984915507825,27.918982030715178,26.654838140988204,26.98802375793457,3843900,0.0,0
2020-06-15,26.2040562679939,26.56664126774955,25.98846634894357,26.233455657958984,5109000,0.0,0
2020-06-16,27.8111866687257,28.14437229207445,26.89982797216371,27.26241111755371,8797100,0.0,0
2020-06-17,27.21341433479803,27.33100816264402,26.527443485589046,26.80183219909668,5295300,0.0,0
2020-06-18,26.80183039782412,27.0174203137994,26.6646351157307,26.929224014282227,4402000,0.0,0
2020-06-19,27.42900464587756,27.42900464587756,26.194258221639696,26.586240768432617,6693100,0.0,0
2020-06-22,26.429447141387175,27.095818390157337,25.978667690230992,27.0272216796875,3936700,0.0,0
2020-06-23,27.282010208393785,27.35060691738487,26.82143097008213,26.87042808532715,3022700,0.0,0
2020-06-24,26.331450311547712,26.38044742301608,25.50828612886317,25.547483444213867,3985000,0.0,0
2020-06-25,25.45929107915803,25.841475710276114,25.204501948119404,25.674882888793945,5600200,0.0,0
2020-06-26,25.586686034606597,25.635683152597124,25.023209832114357,25.400493621826172,4319200,0.0,0
2020-06-29,25.821873226779832,26.096260053268892,25.518087010686912,25.61608123779297,3931000,0.0,0
2020-06-30,25.596486001196762,26.537244130498078,25.28289808897607,26.2530574798584,4590500,0.0,0
2020-07-01,26.40984866552033,26.850828307055398,25.9296679676424,26.498044967651367,4838000,0.0,0
2020-07-02,26.831229317154957,27.546599547105004,26.831229317154957,27.01742172241211,3766400,0.0,0
2020-07-06,27.65439491343033,27.65439491343033,26.53724416610595,26.978225708007812,3668300,0.0,0
2020-07-07,26.723436222382084,26.723436222382084,26.36085119621768,26.596040725708008,5931800,0.0,0
2020-07-08,26.53724299077659,26.58624010698661,24.9301136543497,25.34169578552246,5560400,0.0,0
2020-07-09,25.508288782671887,25.53278734095483,24.93011383541752,25.23390007019043,4392200,0.0,0
2020-07-10,25.312296770579533,26.08646392822266,25.184903145067732,26.086463928222656,2464100,0.0,0
2020-07-13,26.566640438253604,26.635237143576894,26.06686203917244,26.302051544189453,2782600,0.0,0
2020-07-14,26.13545867836162,26.694033985003582,25.978665675413698,26.537240982055664,8445800,0.0,0
2020-07-15,27.301612184803833,27.487802734280226,26.87043043036108,27.380008697509766,2994200,0.0,0
2020-07-16,27.19381406602664,27.68869166175228,27.159515711328833,27.36040687561035,1977300,0.0,0
2020-07-17,27.497597490312717,27.86018246329772,27.193811292916607,27.78178596496582,2704500,0.0,0
2020-07-20,27.566195762621103,27.693591247865644,27.164413452148434,27.164413452148438,1677300,0.0,0
2020-07-21,27.30160717904295,27.879782055160682,27.30160717904295,27.78178596496582,3064200,0.0,0
2020-07-22,27.478004511423727,28.105176606355073,27.478004511423727,28.0855770111084,1954200,0.0,0
2020-07-23,27.899380964957786,28.34036245503743,27.75728859070549,28.095373153686523,2428200,0.0,0
2020-07-24,28.163969425589425,28.232566129852835,27.74258753469132,27.948379516601562,1877400,0.0,0
2020-07-27,27.987579420606973,28.418761147579065,27.9091829128957,28.232568740844727,2683100,0.0,0
2020-07-28,28.08557543299826,28.18357153460502,27.566197402866578,27.624996185302734,3500600,0.0,0
2020-07-29,27.566197490738816,28.252168335052588,27.566197490738816,28.232568740844727,2840200,0.0,0
2020-07-30,27.654392489539696,27.95818057805425,27.23301244869193,27.909181594848633,3311900,0.0,0
2020-07-31,27.830786330700207,28.124774635670807,27.458403387348323,27.987579345703125,7305100,0.0,0
2020-08-03,28.203168610379947,28.320762426511507,27.899380535613403,27.948379516601562,3600600,0.0,0
2020-08-04,27.928780955053533,28.41679886134019,27.86018424825823,28.134571075439453,4663400,0.0,0
2020-08-05,28.41876090879854,28.555954328860494,27.977779388427738,27.977779388427734,5502300,0.0,0
2020-08-06,26.341249586425313,26.703834584852665,24.71452073005197,24.910512924194336,11668200,0.0,0
2020-08-07,24.832118668499003,24.988911690359874,24.332340210397373,24.812519073486328,7460000,0.0,0
2020-08-10,24.538129998267944,25.116303045835743,24.47933121855318,24.910512924194336,8355800,0.0,0
2020-08-11,25.371094242760005,26.48824685090358,25.229001852865455,26.243257522583008,8120000,0.0,0
2020-08-12,26.6548368748563,26.752831100616177,25.606281089497198,25.83167266845703,5139300,0.0,0
2020-08-13,25.93015192538783,26.589977364759804,25.683948431269684,26.511192321777344,9040600,0.13,0
2020-08-14,26.343775268347933,27.683122948494383,26.156660076943073,27.446767807006836,5367300,0.0,0
2020-08-17,27.466462305073613,27.712665809072863,26.917921679570888,27.348285675048828,9275000,0.0,0
2020-08-18,27.427070619634016,27.98841430613233,27.387677157515846,27.968717575073242,3124700,0.0,0
2020-08-19,27.722515748465195,28.17553119830132,27.574794013356115,28.12628936767578,5122000,0.0,0
2020-08-20,27.820995342625388,28.362642288208008,27.7422102982064,28.362642288208008,4583500,0.0,0
2020-08-21,28.205071714858946,28.26416190594585,27.58956297891399,28.00811004638672,6864100,0.0,0
2020-08-24,28.431582649336665,28.53991091829527,27.771757156074955,28.10659408569336,4409500,0.0,0
2020-08-25,28.2641656911429,28.72702764634287,28.175532271026164,28.214923858642578,2344000,0.0,0
2020-08-26,28.214921674905128,28.835355567702845,27.99826326382385,28.786113739013672,2458300,0.0,0
2020-08-27,28.795963475972833,29.002775409548054,28.61377339710651,28.845205307006836,1791300,0.0,0
2020-08-28,28.953532076580423,29.367154043890874,28.687631837941485,29.07171058654785,3202600,0.0,0
2020-08-31,28.983077218068164,28.983077218068164,28.096744966297603,28.116439819335938,3974800,0.0,0
2020-09-01,28.145986826485046,29.002775917648865,27.98841672118335,28.99292755126953,3797800,0.0,0
2020-09-02,28.884596697235658,29.731537401429243,28.6777866434491,29.672447204589844,3610200,0.0,0
2020-09-03,29.46563620022785,29.751231295536392,28.667937352467906,28.963380813598633,3800800,0.0,0
2020-09-04,29.347458532737615,29.662600612959483,28.61377310253025,28.87474822998047,5136800,0.0,0
2020-09-08,28.628546592266254,28.628546592266254,27.801302568931956,27.8702392578125,4213500,0.0,0
2020-09-09,28.106592859156518,28.963379999379857,28.07704776252053,28.30355453491211,2818000,0.0,0
2020-09-10,28.28385729450952,28.815657754079098,28.254314076789186,28.697479248046875,4138000,0.0,0
2020-09-11,28.894445860438637,29.002776012582075,28.49067222948341,28.57930564880371,3131400,0.0,0
2020-09-14,28.66793887962196,28.983079089184727,28.406961867390947,28.53006362915039,3917900,0.0,0
2020-09-15,28.6186964266082,29.23913034430181,28.589153206592925,29.002775192260742,3127900,0.0,0
2020-09-16,29.140647392040936,29.505027532422343,28.692557082079784,28.786113739013672,5769100,0.0,0
2020-09-17,28.46112637602275,29.308067081135373,28.30355627438093,29.130800247192383,5728400,0.0,0
2020-09-18,29.180039298231634,29.26867271246537,28.41680878978221,28.549758911132812,7175600,0.0,0
2020-09-21,27.761909187872064,28.0868977561718,27.491085694019578,27.791452407836914,6130200,0.0,0
2020-09-22,27.663427352905277,27.81114908760215,27.387678737323014,27.663427352905273,5703500,0.0,0
2020-09-23,27.486160629777956,27.88008588333873,26.97405686095706,27.042993545532227,4874200,0.0,0
2020-09-24,27.042994505620932,27.530478315598035,26.767247757530633,27.210412979125977,3031700,0.0,0
2020-09-25,26.95436174202429,28.101669149137546,26.895271545783377,27.94902229309082,2556300,0.0,0
2020-09-28,28.38234189071582,28.874748937753594,28.313405204671945,28.53006362915039,2714400,0.0,0
2020-09-29,28.33310102979481,28.579304545427263,28.052429172244516,28.155834197998047,1972000,0.0,0
2020-09-30,28.333100251887736,29.091407510027885,28.091819986703616,28.37249183654785,8009400,0.0,0
2020-10-01,28.441428461288048,28.86489879623886,28.175530099811887,28.24446678161621,4918400,0.0,0
2020-10-02,27.96871939338405,29.327763870676993,27.86039112228373,28.92399024963379,4851300,0.0,0
2020-10-05,29.317914992219873,29.8201703878012,29.317914992219873,29.652751922607422,5166300,0.0,0
2020-10-06,29.879258244268435,30.287955095755738,29.57396641658571,29.633054733276367,4972400,0.0,0
2020-10-07,29.948197211640657,30.608022746574783,29.90880562363616,30.066375732421875,5575400,0.0,0
2020-10-08,31.30231700857408,32.144332639901705,30.82074258286951,31.83904266357422,7033600,0.0,0
2020-10-09,31.957215481493588,33.17838275414067,31.799645389643405,32.922332763671875,5323300,0.0,0
2020-10-12,33.099603196848605,33.34580672701645,32.804159712000725,33.07990646362305,3968100,0.0,0
2020-10-13,32.804155564456174,33.257169101064676,32.5106806630056,33.188232421875,5405200,0.0,0
2020-10-14,33.27686471174197,33.83820837011647,32.961724544120045,33.3064079284668,3363700,0.0,0
2020-10-15,32.67613044467275,33.57723620108538,32.67613044467275,33.47383117675781,3035100,0.0,0
2020-10-16,33.80866918785721,33.8874523607805,33.55261542312946,33.56246566772461,2802000,0.0,0
2020-10-19,33.73972754448947,34.015478031820194,32.685976816388425,33.01096725463867,5716500,0.0,0
2020-10-20,33.227625946704904,33.237472433707666,32.42007501208968,32.56779861450195,3697400,0.0,0
2020-10-21,32.597338957732966,32.784456005190194,32.233943135423594,32.4003791809082,3451400,0.0,0
2020-10-22,32.43977500705758,32.8632453693653,32.252661681039044,32.62689208984375,2646200,0.0,0
2020-10-23,32.6465820525108,32.98634029096159,32.53825192320854,32.66627502441406,3552400,0.0,0
2020-10-26,32.331448676794345,32.49886527039335,31.715939864855077,32.2132682800293,2679000,0.0,0
2020-10-27,32.282203318922996,32.341293514289895,31.83904000235741,31.848886489868164,2268400,0.0,0
2020-10-28,30.982247820464263,31.63222491611151,30.686804369127753,31.376174926757812,3974000,0.0,0
2020-10-29,31.120122258188736,32.18864640718003,31.06103394511872,32.00645446777344,3936000,0.0,0
2020-10-30,31.89812373375977,32.479164123535156,31.622377025651843,32.479164123535156,4327700,0.0,0
2020-11-02,32.77461311290757,33.326110379299536,32.59734626859472,32.97157669067383,3722000,0.0,0
2020-11-03,32.89279551299541,33.04051538772333,32.036004461147876,32.429931640625,3620600,0.0,0
2020-11-04,32.459470505601146,32.87801572961387,31.622380057575697,32.282203674316406,3832400,0.0,0
2020-11-05,32.64658701133011,33.92684451521675,32.58749681634429,33.42458724975586,3876100,0.0,0
2020-11-06,33.67078917620271,33.86676845376607,33.10452413382572,33.188232421875,2576800,0.0,0
2020-11-09,34.45864360641099,35.72905081471252,34.074562989685056,34.113956451416016,4633900,0.0,0
2020-11-10,34.22229266783168,35.83738731783497,34.22229266783168,35.67981719970703,6713100,0.0,0
2020-11-11,35.81768435274892,36.33963833062429,35.60102782599183,36.07373809814453,4494500,0.0,0
2020-11-12,35.915608979621005,35.915608979621005,34.45783605117763,34.65055847167969,3750300,0.13,0
2020-11-13,34.71973818898255,35.7970088628554,34.71973818898255,35.58945846557617,3361500,0.0,0
2020-11-16,36.469064955554614,37.131238552654146,35.91560355682197,36.99287414550781,3498000,0.0,0
2020-11-17,36.577780230720876,36.859451731861256,36.1330385332396,36.58766555786133,3706200,0.0,0
2020-11-18,36.80510031542411,37.101596059701926,36.26152038574219,36.26152038574219,2329400,0.0,0
2020-11-19,36.21210347278461,36.874280917184095,35.96502306833587,36.52836608886719,3274100,0.0,0
2020-11-20,36.503657602931916,36.83474441550013,36.41964740633831,36.72602844238281,2536500,0.0,0
2020-11-23,37.09170525427095,37.85271327329543,37.08182369798506,37.348670959472656,2712000,0.0,0
2020-11-24,37.714353375709955,38.554425255951095,37.46727296738634,38.44571304321289,4449400,0.0,0
2020-11-25,38.3271092346694,38.43582521046967,37.877424881306325,38.12944793701172,2738900,0.0,0
2020-11-27,38.08991627735044,38.51489487709878,37.872484313717024,37.96143341064453,1368500,0.0,0
2020-11-30,37.961431392002225,38.1393295763973,37.29925774909089,37.87248229980469,4864600,0.0,0
2020-12-01,38.24804320500673,38.97939901139147,37.79341621507596,37.86259841918945,3367500,0.0,0
2020-12-02,37.684702295672096,38.2233357384486,37.46727034511769,37.82306671142578,3503800,0.0,0
2020-12-03,37.714355726413736,38.16898280123022,37.41785997197464,37.763771057128906,2874200,0.0,0
2020-12-04,37.94166555975168,38.36664414867997,37.80330113919785,38.198631286621094,3633500,0.0,0
2020-12-07,38.040501455612265,38.322172971267065,37.39314821987043,37.49692153930664,3012900,0.0,0
2020-12-08,37.31902138143103,38.005908351370614,37.17077540580657,37.9713134765625,4178100,0.0,0
2020-12-09,38.020737244542346,38.910224518047066,38.010851916197254,38.55442810058594,3293800,0.0,0
2020-12-10,38.218392605589,38.77185403195371,38.04049819476742,38.28757858276367,3124000,0.0,0
2020-12-11,37.86260188183119,38.248046702898485,37.6155214816447,37.94166564941406,3131000,0.0,0
2020-12-14,39.53286293927948,39.76017644876263,38.26286986816103,38.307342529296875,3594000,0.0,0
2020-12-15,38.781737402479834,38.858825604971855,37.79341590034897,38.76197052001953,3789100,0.0,0
2020-12-16,38.84103581083773,38.84103581083773,38.168976861284214,38.62360763549805,3164700,0.0,0
2020-12-17,38.87069504629367,39.23637302694891,38.75407305320542,39.21660614013672,4322000,0.0,0
2020-12-18,38.959634364423,39.21660008314513,38.37158559571377,38.94975280761719,9395000,0.0,0
2020-12-21,38.20851386398701,39.157301718960156,37.8734721394724,39.08811950683594,2894300,0.0,0
2020-12-22,39.14741238492302,39.251185682494736,38.49512039293866,38.5247688293457,2713800,0.0,0
2020-12-23,38.65325660504313,39.07823517514848,38.65325660504313,38.72243881225586,2330800,0.0,0
2020-12-24,38.57419155146101,39.08811924533691,38.57419155146101,39.03870391845703,847600,0.0,0
2020-12-28,38.91022248164842,39.107887566576096,37.87248549846301,37.90213394165039,2545800,0.0,0
2020-12-29,38.218395881683016,38.46547629085908,37.235016908803665,37.49692153930664,3183900,0.0,0
2020-12-30,37.74400083590011,38.23816163968583,37.56610264492543,37.99108123779297,3396800,0.0,0
2020-12-31,38.20851398130714,38.5148950431893,37.842836034649466,38.26781463623047,2316800,0.0,0
2021-01-04,38.41606165440318,38.74220961005604,37.645171970347945,37.90213394165039,3693700,0.0,0
2021-01-05,37.83295122186006,38.593959338065595,37.77365433627772,38.36664581298828,2647700,0.0,0
2021-01-06,38.86080362517647,41.025226494771424,38.53465946927884,40.59036636352539,4991400,0.0,0
2021-01-07,41.16359408688476,41.993784340120754,40.896746815828806,41.31184005737305,3986200,0.0,0
2021-01-08,42.02343309430151,42.82397491345317,41.677518286948185,42.74490737915039,4667300,0.0,0
2021-01-11,42.1420333370885,43.248952497515354,41.95919625000752,43.11058807373047,3624100,0.0,0
2021-01-12,42.991990419616684,44.32622309699396,42.576897149374076,44.05937957763672,4517800,0.0,0
2021-01-13,43.960542691997496,44.43493659005909,42.95245424481127,43.61463165283203,2634700,0.0,0
2021-01-14,43.79252948600816,44.21750805652913,43.54544909710749,43.693695068359375,2113100,0.0,0
2021-01-15,43.36755375862687,43.4762697400941,42.54724500402708,43.239070892333984,3792200,0.0,0
2021-01-19,43.18965359115483,43.29836956765268,42.39899708500815,43.021636962890625,2507900,0.0,0
2021-01-20,43.36755173427912,43.38731861818208,42.78444185465835,43.15011978149414,2660900,0.0,0
2021-01-21,43.278600766279,43.84194373758391,40.84733070378962,41.16359329223633,6190400,0.0,0
2021-01-22,40.797912322912225,41.78623387158857,40.57059881913437,41.56880569458008,5239000,0.0,0
2021-01-25,41.173472881731634,41.36125260648011,39.621808453120565,40.81767654418945,4729600,0.0,0
2021-01-26,41.104295327986904,41.34149416988924,39.009054600131655,39.01893615722656,3252100,0.0,0
2021-01-27,38.37652736276988,38.41605735921735,36.1132701221993,38.2381591796875,5413500,0.0,0
2021-01-28,38.791618024306885,40.15550272003839,38.682902058467434,39.81947326660156,4019100,0.0,0
2021-01-29,39.46367912343883,39.9183061238887,38.920103034192465,39.39449691772461,3686800,0.0,0
2021-02-01,39.67122656551757,40.610132795638364,39.3944977369063,40.23456954956055,2761800,0.0,0
2021-02-02,40.79791605167822,41.37114441197208,40.60025473999551,41.00546646118164,2451400,0.0,0
2021-02-03,41.044995398964296,41.6478721863753,40.741581447834506,41.37114334106445,2668700,0.0,0
2021-02-04,41.36125851077472,42.8239778339498,40.718851716417944,42.161800384521484,3403300,0.0,0
2021-02-05,44.15820726187865,44.405287649973246,43.23906791655494,43.3873176574707,3533300,0.0,0
2021-02-08,43.4268521937129,43.62451727888024,42.79432693729572,43.1007080078125,2719500,0.0,0
2021-02-09,43.16000084998914,43.46638189179675,42.70537383580821,42.92280578613281,4515600,0.0,0
2021-02-10,42.95245439345457,43.04140348528317,41.74670464551402,42.53736114501953,3234700,0.0,0
2021-02-11,42.4582963033564,43.28848662303757,42.37923253346419,43.031524658203125,3030100,0.0,0
2021-02-12,43.04140235218477,43.93583591039995,43.01669657575074,43.85182571411133,1973600,0.0,0
2021-02-16,43.80241004794524,44.82532268395774,43.792528491478535,44.751197814941406,2532300,0.0,0
2021-02-17,44.4744749851097,44.64743052268887,43.703585291815145,44.454708099365234,1877600,0.0,0
2021-02-18,44.38552242603068,44.553539056693666,42.93268848326747,43.683815002441406,3106400,0.0,0
2021-02-19,43.84194634878341,45.3244287342284,43.782645696112446,44.93898391723633,3558400,0.0,0
2021-02-22,45.04770109287069,46.213917131885765,44.58318872663613,46.13485336303711,4308400,0.0,0
2021-02-23,45.9668315516938,46.347337442509,45.344191717873684,45.88776779174805,6306000,0.0,0
2021-02-24,45.947067559095956,46.59935958927851,45.77905094594054,45.86800003051758,3217000,0.0,0
2021-02-25,46.11508619960868,46.11508619960868,44.50412091869565,44.83026885986328,2920500,0.0,0
2021-02-26,44.820353796076624,45.37540218226773,43.977863696919535,44.750972747802734,4889100,0.13,0
2021-03-01,45.415052599960106,46.326923808111054,45.35558150562945,45.86107635498047,2553400,0.0,0
2021-03-02,45.92054659331976,46.3963039961451,45.315937045671824,45.375404357910156,2935800,0.0,0
2021-03-03,45.157353628084756,45.55381626087218,44.701416117952505,44.93929672241211,2842400,0.0,0
2021-03-04,44.69150623900924,44.939296802813686,42.68935802975124,43.46246337890625,3530300,0.0,0
2021-03-05,43.958042989912265,44.61716677432771,42.520860794218066,44.4437141418457,2853600,0.0,0
2021-03-08,44.93929528866446,45.90072385374695,44.46353787590779,44.5031852722168,3485300,0.0,0
2021-03-09,44.632032900868246,45.058232951684424,44.16618923538228,44.31486129760742,3973900,0.0,0
2021-03-10,44.62212446416937,46.72338735267639,44.50318605413641,46.584625244140625,3388500,0.0,0
2021-03-11,46.83241447377205,47.248700787555585,46.336833368229485,46.44586181640625,2487700,0.0,0
2021-03-12,46.58462267114366,46.67382741898733,45.82142733536646,46.48550796508789,2176700,0.0,0
2021-03-15,46.445859906415706,46.4855073006648,45.147436102135046,46.4161262512207,2993300,0.0,0
2021-03-16,46.416129787931936,46.465687144027555,45.4566824351129,45.761959075927734,2300400,0.0,0
2021-03-17,45.79169753376224,46.88197451607258,45.77683070470099,46.84232711791992,2711100,0.0,0
2021-03-18,46.832417059982866,47.5559650603132,46.20303068482028,46.544979095458984,3180700,0.0,0
2021-03-19,46.31701164066339,47.24870279756435,45.66284470475762,46.65400695800781,9286600,0.0,0
2021-03-22,47.17931734396193,47.536136326824504,46.43594572332607,46.8819694519043,3358900,0.0,0
2021-03-23,46.27736248410075,46.58462413208355,45.167261861330815,45.444786071777344,4287200,0.0,0
2021-03-24,45.76196035842659,46.39630738957362,45.58355462767926,45.78178405761719,3425200,0.0,0
2021-03-25,45.52408310669063,46.69365488116957,45.19699774456403,46.36656951904297,3739800,0.0,0
2021-03-26,46.93153148314543,47.625345821113655,46.495421450043324,47.4865837097168,3358500,0.0,0
2021-03-29,47.3577302406707,48.051544559349885,47.100029723952986,47.34782028198242,4063200,0.0,0
2021-03-30,47.15949725572362,47.46675510463445,46.32692089241376,46.525150299072266,2573000,0.0,0
2021-03-31,46.44586170333331,46.872061755541026,45.84620902080472,46.20798110961914,3814100,0.0,0
2021-04-01,46.52515278762279,46.56480018346859,45.63310906699492,46.32692337036133,2976900,0.0,0
2021-04-05,46.46568939175181,46.82250842247521,46.22780877760818,46.62427520751953,3039100,0.0,0
2021-04-06,46.68374150135297,47.5460554003485,46.48551207172937,47.31808853149414,2541300,0.0,0
2021-04-07,47.37755353245318,47.37755353245318,46.12869079433504,46.33683395385742,2208900,0.0,0
2021-04-08,46.09895342958537,46.70356299190385,45.77187186138688,46.51524353027344,2181800,0.0,0
2021-04-09,46.85224019897757,47.223926044217094,46.40621642849335,46.713478088378906,2552900,0.0,0
2021-04-12,46.941443001164025,47.22888095029988,46.416128238317235,46.683738708496094,2449800,0.0,0
2021-04-13,46.69365299739609,46.78285774883327,46.09895339415364,46.455772399902344,2542700,0.0,0
2021-04-14,46.41612831061805,47.21896728437276,46.35665721660579,46.80268096923828,2958000,0.0,0
2021-04-15,47.169413864706634,47.29330915182963,46.45875143545319,47.100032806396484,2190300,0.0,0
2021-04-16,47.54605530151901,47.71455107254564,46.87206465544448,47.08020782470703,2834900,0.0,0
2021-04-19,47.28835228166916,47.45685183826817,46.48551324094197,47.100032806396484,3157200,0.0,0
2021-04-20,46.94144551418047,47.40233611902601,46.24763117190986,46.544979095458984,2421900,0.0,0
2021-04-21,46.46568852908555,47.87313714527085,46.31701267538303,47.85331344604492,2732600,0.0,0
2021-04-22,47.912779388179324,48.4380941276973,47.26852246610422,47.65507888793945,3445600,0.0,0
2021-04-23,47.66498971239856,48.48269927267008,47.526227611209926,48.200218200683594,2501300,0.0,0
2021-04-26,48.28942303309032,48.90394253127796,48.215085112756924,48.43809509277344,1890000,0.0,0
2021-04-27,48.35881115643212,48.83456862276972,48.17048789324682,48.72554016113281,2083400,0.0,0
2021-04-28,48.98323878566755,49.3697952565993,48.626423535627936,48.755271911621094,2641600,0.0,0
2021-04-29,49.12200164794922,49.29049741275322,48.58677313448264,49.12200164794922,1809000,0.0,0
2021-04-30,48.963414214537835,49.31527634197892,48.2695999180273,48.32906723022461,2426100,0.0,0
2021-05-03,48.79491949171785,49.53829121544479,48.636333675228805,49.29050064086914,2480700,0.0,0
2021-05-04,48.56694889347732,49.399525311462,48.32906829648863,49.34996795654297,3447100,0.0,0
2021-05-05,47.12976144287381,47.56587522690087,46.3963035386198,47.25861358642578,4184300,0.0,0
2021-05-06,47.38746666147469,48.021809871455694,46.15842385639867,47.98216247558594,3228800,0.0,0
2021-05-07,47.85331240191791,48.85736024894903,47.754197688934866,48.42818832397461,3362700,0.0,0
2021-05-10,48.75526853292973,49.53828759885998,46.42603881435971,46.57471466064453,5547300,0.0,0
2021-05-11,45.88090287149895,46.83241775333693,45.29611697476818,46.673831939697266,4086200,0.0,0
2021-05-12,47.10993796094667,47.17931901218058,44.641946210520466,44.78070831298828,4909600,0.0,0
2021-05-13,44.92981049203788,45.953652288049156,44.611723646832544,45.645503997802734,6047400,0.13,0
2021-05-14,46.05305605518913,46.51030541381867,45.82442758398013,46.043113708496094,2211900,0.0,0
2021-05-17,46.26180098988102,46.39102116496801,45.615684946868726,45.9437141418457,4149000,0.0,0
2021-05-18,45.68526434556845,46.013293527173644,45.42682021403535,45.50634002685547,3353400,0.0,0
2021-05-19,45.0590355909895,45.15843631065548,44.17435250162695,44.55208206176758,3138400,0.0,0
2021-05-20,44.52226171847135,44.661424239992826,43.82644531896965,43.866207122802734,4225900,0.0,0
2021-05-21,44.39303848847599,45.01927363760667,44.33339578173684,44.43280029296875,4346100,0.0,0
2021-05-24,44.770768626513586,45.178317648100425,44.644525085210724,44.88011169433594,4032000,0.0,0
2021-05-25,44.830404247301416,45.44172963069929,44.313515987775574,44.33339309692383,3549500,0.0,0
2021-05-26,44.5123176574707,44.75088467938807,44.09483010898303,44.5123176574707,4609100,0.0,0
2021-05-27,45.02921280606982,45.5262239933154,44.78070721244704,44.90993118286133,3708600,0.0,0
2021-05-28,45.14849229335176,45.40694022195344,44.88010960180315,45.2280158996582,3028100,0.0,0
2021-06-01,45.72502896082903,45.896001687967285,45.43179418216781,45.69520950317383,2543100,0.0,0
2021-06-02,45.83436905332509,45.839340226576454,45.13855268200686,45.38705825805664,2729400,0.0,0
2021-06-03,45.04909219608907,45.89400966928114,44.87016787133639,45.70514678955078,3318100,0.0,0
2021-06-04,45.92383161091389,46.085855458130375,45.536163515615044,45.685264587402344,1437600,0.0,0
2021-06-07,45.725026357373594,46.003351391360155,44.939747820746696,45.65544509887695,1989000,0.0,0
2021-06-08,45.496401648138246,46.07293261696949,45.198195713094904,45.62562561035156,2464800,0.0,0
2021-06-09,45.575923476015795,45.68526654180734,45.138555004744,45.21807861328125,3077400,0.0,0
2021-06-10,45.66538440515602,45.734965664797876,44.28369397527593,44.293636322021484,2921800,0.0,0
2021-06-11,44.62166425253593,45.029213278678995,44.03519089375498,44.27375793457031,2942800,0.0,0
2021-06-14,44.204173350322186,44.293635509920655,43.448714271069754,43.69721984863281,2263800,0.0,0
2021-06-15,43.82644555299423,44.40297654407523,43.44871599835157,44.04513168334961,2747700,0.0,0
2021-06-16,43.985489463623026,44.02525126810807,43.26482476882989,43.438777923583984,3422100,0.0,0
2021-06-17,43.39901713632949,43.518298760686086,42.25588987790413,43.24991226196289,5380700,0.0,0
2021-06-18,42.48451608898979,42.931823104357164,42.335411222604485,42.45469284057617,7900400,0.0,0
2021-06-21,42.89206474512344,43.538176979800056,42.89206474512344,43.150508880615234,3819300,0.0,0
2021-06-22,43.21015297239031,43.438777658944915,42.842361970985884,43.23003387451172,2226100,0.0,0
2021-06-23,43.22008908047968,43.76183320490611,43.22008908047968,43.30955123901367,2627100,0.0,0
2021-06-24,43.57793874253085,44.60675169399228,43.20020919848922,44.08488845825195,3528900,0.0,0
2021-06-25,44.38309922889822,44.462619044727305,43.73698318777562,43.896026611328125,3675800,0.0,0
2021-06-28,43.886088290366125,44.19920396568477,43.30458233349673,44.074951171875,3515000,0.0,0
2021-06-29,44.47256154229694,44.790648390479504,43.92584621708221,44.01530838012695,2121800,0.0,0
2021-06-30,44.16441206411092,44.199202693700656,43.771772791944294,44.08488845825195,3230200,0.0,0
2021-07-01,44.27375548446409,44.631604129936534,43.811534949377894,44.353275299072266,2103800,0.0,0
2021-07-02,44.467589383709424,44.55208037140926,43.93578759069539,44.23399353027344,1833900,0.0,0
2021-07-06,44.184295193826614,44.23399555404779,43.5580600377355,43.826446533203125,2183600,0.0,0
2021-07-07,43.498415144303515,44.084888465986474,42.6236782310668,43.120689392089844,3348100,0.0,0
2021-07-08,42.6833165126518,43.03122659536183,42.3065842422961,42.643558502197266,2307700,0.0,0
2021-07-09,43.28967400642022,43.35925526985479,42.69823326722636,43.19027328491211,3265600,0.0,0
2021-07-12,42.63361731756682,43.74692127041283,42.43481209229931,43.538177490234375,2485500,0.0,0
2021-07-13,43.65745810895425,43.836382428408506,42.693259045110985,42.792659759521484,2388200,0.0,0
2021-07-14,42.84236216882464,43.41889695732461,42.32547387885868,42.41493225097656,3114200,0.0,0
2021-07-15,42.14655050153748,42.78272421913293,41.86822165616863,42.16642761230469,2904400,0.0,0
2021-07-16,42.2360131986545,42.39505663005321,41.34636270080419,41.56007766723633,3419700,0.0,0
2021-07-19,40.89408086024322,41.07300519529265,40.35730785509493,40.68533706665039,4629200,0.0,0
2021-07-20,40.66545838033398,41.768823909318506,40.496476383517475,41.48055648803711,2978300,0.0,0
2021-07-21,41.99744918662266,42.42487915033514,41.81355366533876,41.95768737792969,3482700,0.0,0
2021-07-22,42.08690761805893,42.13163680494032,41.475582187418816,42.01732635498047,1458500,0.0,0
2021-07-23,42.20619163010712,42.20619163010712,41.64954149397833,41.87816619873047,1590300,0.0,0
2021-07-26,42.0073853656306,42.196252050286766,41.59983632932801,42.09684753417969,2840200,0.0,0
2021-07-27,41.74893766104606,42.32547242980784,41.16246433746512,42.2757682800293,2860100,0.0,0
2021-07-28,42.414932451640745,42.89206652322635,42.196250110049604,42.56403732299805,2819800,0.0,0
2021-07-29,43.01134739264281,43.51829712097806,42.852303968861726,42.961647033691406,2394500,0.0,0
2021-07-30,42.55409616628605,43.23499901718519,42.46463400731974,42.52427291870117,2116200,0.0,0
2021-08-02,42.742962498598004,43.19027332963664,42.196250945948314,42.226070404052734,1803300,0.0,0
2021-08-03,42.34535024757742,42.84733259196015,42.01732484654015,42.81254196166992,3147200,0.0,0
2021-08-04,42.53421844634506,42.63361916734444,41.987506897059546,42.01732635498047,2159000,0.0,0
2021-08-05,42.0769705781612,42.41493455848901,41.16246798607345,41.19228744506836,5051800,0.0,0
2021-08-06,43.736983943072715,45.43676127262384,43.48847835248707,44.49243927001953,6031100,0.0,0
2021-08-09,44.591844326375714,45.2876607468984,44.29363837240726,44.90993118286133,4724200,0.0,0
2021-08-10,44.89005084889429,45.55604782002358,44.76082687684333,45.357242584228516,3043700,0.0,0
2021-08-11,45.377121090165495,45.60574577209073,45.0689728013649,45.466583251953125,2455500,0.0,0
2021-08-12,45.476555406988545,46.044887403409454,44.978018301108,45.92523956298828,2987400,0.14,0
2021-08-13,46.00500088819896,46.19444741185053,45.765705221056834,45.85544204711914,2872700,0.0,0
2021-08-16,45.36687428067997,45.52640599414092,44.97801596683992,45.037837982177734,4732800,0.0,0
2021-08-17,44.86833835103848,45.11760689743314,44.210269540698036,44.938133239746094,6382800,0.0,0
2021-08-18,44.6888658858736,45.19238942801746,43.7715594363603,43.811439514160156,3524700,0.0,0
2021-08-19,43.13342836332604,43.557187942578395,42.34574263336779,42.425506591796875,2458000,0.0,0
2021-08-20,42.36568512152578,42.68474856643917,41.712598923484954,41.817291259765625,3006200,0.0,0
2021-08-23,42.04661661301209,42.24603221099089,41.732539613582404,41.82726287841797,3609800,0.0,0
2021-08-24,41.88708560913967,42.69471708312548,41.88708560913967,42.425506591796875,3524600,0.0,0
2021-08-25,42.345740357878356,43.83636514679494,42.146324767217074,43.65190505981445,3784400,0.0,0
2021-08-26,43.72170021592473,44.40469738200677,43.53225749557184,43.86129379272461,3495500,0.0,0
2021-08-27,44.100592238559955,44.70382168447486,43.97097152513325,44.05073928833008,2580300,0.0,0
2021-08-30,44.14047561290234,44.14047561290234,43.58211268755006,43.63196563720703,1854900,0.0,0
2021-08-31,43.761586607366354,43.90117638864404,43.352786332109034,43.84135437011719,4187000,0.0,0
2021-09-01,44.23021064813015,44.36481398709323,43.512316030897466,44.250152587890625,2518000,0.0,0
2021-09-02,44.309975253391585,45.29708036656131,44.28006424508031,44.788570404052734,2817600,0.0,0
2021-09-03,44.67889543906601,45.34194687902822,44.67889543906601,44.788570404052734,3472000,0.0,0
2021-09-07,44.489450757958316,44.62904054058957,44.16041824226128,44.20030212402344,2455100,0.0,0
2021-09-08,44.2102684064274,44.46950601447086,43.472431854473434,44.0108528137207,3013300,0.0,0
2021-09-09,43.791497152439966,44.01085469414329,43.392669753522206,43.45249557495117,2703300,0.0,0
2021-09-10,43.99091384037335,43.99091384037335,43.233139101234954,43.29296112060547,2061200,0.0,0
2021-09-13,43.472431887623344,43.72170042781278,42.495299666505076,43.01377868652344,1907400,0.0,0
2021-09-14,43.23313640267683,43.33284229776172,42.036646643977605,42.1363525390625,1787500,0.0,0
2021-09-15,42.17623854091819,42.96392808374998,42.1114300862053,42.84428024291992,2177900,0.0,0
2021-09-16,42.77448488886927,42.854248847379985,42.17623808412578,42.455421447753906,2711200,0.0,0
2021-09-17,42.3257985786493,42.80439371592608,41.18913465217492,41.747493743896484,7032100,0.0,0
2021-09-20,40.880042348746436,41.44837434053147,40.6008627888622,41.36861038208008,2506600,0.0,0
2021-09-21,41.54808013076678,41.677700841889404,41.014645585363034,41.278873443603516,3350900,0.0,0
2021-09-22,41.75746924105455,42.27096185385152,41.657759537308934,41.817291259765625,2126700,0.0,0
2021-09-23,42.07653071201744,42.66480462414165,41.99676295276311,42.28591537475586,2644000,0.0,0
2021-09-24,42.12638481124823,42.42550630955577,41.90702727083914,42.18621063232422,2311800,0.0,0
2021-09-27,42.24603275134508,43.44252255098559,42.24603275134508,43.33284378051758,2967200,0.0,0
2021-09-28,43.45249491820607,43.88123331959021,42.56011306394338,42.9140739440918,2988400,0.0,0
2021-09-29,43.05366350123057,43.103516449644395,42.48533152153337,42.73460006713867,2024700,0.0,0
2021-09-30,42.77448298369081,42.95395663676646,41.93694053718312,41.95688247680664,2433200,0.0,0
2021-10-01,42.22608962231422,43.73666018641676,42.06655790708857,43.37272644042969,3540600,0.0,0
2021-10-04,43.472433744606185,43.741644235934785,42.2859168118938,42.425506591796875,2853900,0.0,0
2021-10-05,42.56509619077772,43.75659955443253,42.3557115218131,43.33284378051758,3173800,0.0,0
2021-10-06,42.724628720887786,42.90908882049518,41.446381885931864,41.87711715698242,3050200,0.0,0
2021-10-07,42.34574256881642,42.9240436280385,42.166268908204266,42.365684509277344,2005400,0.0,0
2021-10-08,42.6348889931869,43.073604053581086,42.37565138766527,42.65483093261719,1402700,0.0,0
2021-10-11,42.804395744830124,43.26304896435161,42.295885772439426,42.33576965332031,1257900,0.0,0
2021-10-12,42.086500493315086,42.43547874066203,41.65775828889833,41.82726287841797,1609000,0.0,0
2021-10-13,42.19618089130133,42.226091900915165,41.24895961698809,42.116416931152344,2374000,0.0,0
2021-10-14,42.46539018581581,43.48240632278365,42.40556436474609,43.243106842041016,1530600,0.0,0
2021-10-15,43.55220265596364,43.796484777240906,43.20322819699612,43.38269805908203,2226100,0.0,0
2021-10-18,42.30087192403234,43.39266938370464,41.986794922163526,43.15336990356445,2104600,0.0,0
2021-10-19,43.38269440279685,43.54721254967441,42.804393376170296,43.50234603881836,1418600,0.0,0
2021-10-20,43.42258015465584,44.39971240310075,43.42258015465584,44.000885009765625,2084900,0.0,0
2021-10-21,43.70176304940153,43.871263833971796,42.465389395070055,42.58503723144531,2653300,0.0,0
2021-10-22,42.624919891357415,43.12345696611013,42.45541911163879,42.62491989135742,1875700,0.0,0
2021-10-25,42.86422164288585,42.97389661020028,42.365684541591015,42.39559555053711,3361100,0.0,0
2021-10-26,42.52521521502575,42.72961344368615,42.185209512344095,42.58503723144531,1656700,0.0,0
2021-10-27,42.33576795291712,42.42550477952674,41.946909638787446,41.986793518066406,2147300,0.0,0
2021-10-28,42.06655860257054,43.013779841430214,42.06655860257054,42.9140739440918,2593400,0.0,0
2021-10-29,42.78445463348672,43.36275950685751,42.56509708792727,43.02375411987305,3683900,0.0,0
2021-11-01,43.04369080583453,43.30293222430676,42.724627370435,42.884159088134766,2651700,0.0,0
2021-11-02,42.92404148893481,43.21319390590416,42.016704162628535,42.714656829833984,4306700,0.0,0
2021-11-03,42.49529921960964,45.00792653471983,42.49529921960964,44.67889404296875,4392900,0.0,0
2021-11-04,45.36687572119103,47.51058675470574,45.047812284138075,47.26131820678711,4465900,0.0,0
2021-11-05,47.540499269906874,48.42789472005342,47.161610000073225,47.460731506347656,2724800,0.0,0
2021-11-08,47.76982591848602,48.03903641538354,46.27421458252398,46.40383529663086,4538200,0.0,0
2021-11-09,46.48359827140398,47.979209575663766,46.47362920293153,47.709999084472656,2541700,0.0,0
2021-11-10,47.45000076293945,48.18000030517578,47.29999923706055,47.68000030517578,2025300,0.14,0
2021-11-11,47.61000061035156,48.29999923706055,47.560001373291016,47.689998626708984,1397400,0.0,0
2021-11-12,47.900001525878906,48.77000045776367,47.834999084472656,48.70000076293945,3811500,0.0,0
2021-11-15,49.064998626708984,49.400001525878906,48.09000015258789,48.369998931884766,1790700,0.0,0
2021-11-16,48.869998931884766,49.099998474121094,48.400001525878906,48.43000030517578,1645700,0.0,0
2021-11-17,48.22999954223633,48.72999954223633,48.04999923706055,48.349998474121094,1533100,0.0,0
2021-11-18,48.58000183105469,49.0,48.279998779296875,48.66999816894531,2404900,0.0,0
2021-11-19,48.33000183105469,48.4900016784668,47.64500045776367,47.810001373291016,3253700,0.0,0
2021-11-22,47.95000076293945,48.76499938964844,47.540000915527344,47.54999923706055,2710700,0.0,0
2021-11-23,47.70000076293945,47.9900016784668,47.02000045776367,47.900001525878906,2005200,0.0,0
2021-11-24,47.540000915527344,47.849998474121094,47.27000045776367,47.56999969482422,1291900,0.0,0
2021-11-26,46.20000076293945,47.0099983215332,46.119998931884766,46.83000183105469,1306500,0.0,0
2021-11-29,47.29499816894531,47.400001525878906,46.43000030517578,46.59000015258789,2080700,0.0,0
2021-11-30,46.29999923706055,46.41999816894531,44.77000045776367,45.0,4761900,0.0,0
2021-12-01,45.779998779296875,46.970001220703125,44.63999938964844,44.65999984741211,2598900,0.0,0
2021-12-02,44.97999954223633,46.5,44.8849983215332,46.189998626708984,2705200,0.0,0
2021-12-03,46.25,47.5,45.57500076293945,46.040000915527344,3760300,0.0,0
