Date,Open,High,Low,Close,Volume,Dividends,Stock Splits
2019-03-20,45.409338011367645,46.05496840963354,42.61160628554879,42.86985778808594,2350800,0.0,0
2019-03-21,43.03341787315326,43.042024833227714,41.492512596000694,42.16396713256836,1764700,0.0,0
2019-03-22,42.00901031778562,42.998978078470074,41.458072994354275,41.83684158325195,844700,0.0,0
2019-03-25,41.83684547875542,42.525520481013835,41.320342510907395,42.31031036376953,440900,0.0,0
2019-03-26,42.18118656845441,42.826816975114426,41.47529758654714,42.052059173583984,504700,0.0,0
2019-03-27,42.18118198360305,43.71347693136045,42.18118198360305,43.12810516357422,1788600,0.0,0
2019-03-28,43.816783513897846,43.90286625183364,42.96885508146178,43.773738861083984,585400,0.0,0
2019-03-29,42.62882399183891,45.17691120552161,42.33613807649387,44.44519805908203,1769000,0.0,0
2019-04-01,45.021960462695404,46.82111735771428,44.11807853484822,46.054969787597656,19663400,0.0,0
2019-04-02,47.449528648665485,49.40363702748178,46.743639683400076,48.422279357910156,17414200,0.0,0
2019-04-03,49.13678364711577,49.24008360094826,47.785260866844965,48.96461486816406,15066200,0.0,0
2019-04-04,49.240075409759356,52.09806549984763,49.15398939268093,51.40078353881836,13309200,0.0,0
2019-04-05,50.26447398972194,50.772369993038964,48.43949313197507,49.27450942993164,17000800,0.0,0
2019-04-08,48.637489094905526,50.264477142753385,48.439496170527605,49.19703674316406,10764600,0.0,0
2019-04-09,48.89573949855618,49.24007701037147,48.27593657467289,48.43949508666992,9179900,0.0,0
2019-04-10,48.19845790646624,48.560009316715416,47.43230715284384,47.957420349121094,9081900,0.0,0
2019-04-11,47.94881935155201,48.38784658770711,47.199888991595145,47.25153732299805,7346100,0.0,0
2019-04-12,48.14681653726646,50.21283535588173,48.14681653726646,50.187007904052734,9281700,0.0,0
2019-04-15,50.419429428815484,50.66046372566491,49.31755460453694,49.73936462402344,5727300,0.0,0
2019-04-16,50.53994472234999,50.780982294199,49.791014410450394,50.359169006347656,6681600,0.0,0
2019-04-17,50.74655413140773,50.83263687804672,50.100923680076455,50.2042236328125,6420700,0.0,0
2019-04-18,50.2386508661199,50.453860985811055,49.54136889613604,49.73075485229492,5178800,0.0,0
2019-04-22,49.4811085870104,50.281690466843955,49.291722637504826,49.83405303955078,4401700,0.0,0
2019-04-23,49.31754644271677,49.79100799767794,49.067901942954265,49.618839263916016,5687200,0.0,0
2019-04-24,49.48972473964321,49.83405898985912,48.09085884376618,48.18985366821289,5431300,0.0,0
2019-04-25,48.0004684805677,48.189854455781564,47.19127953129728,47.63031005859375,6260500,0.0,0
2019-04-26,47.60447706595117,47.862728548726615,47.303184216687455,47.56143569946289,4009800,0.0,0
2019-04-29,47.38926679557394,47.93590232811953,47.17405667998655,47.77664566040039,5935200,0.0,0
2019-04-30,48.000463425027206,49.244380932123626,47.86272908042718,48.835479736328125,6454100,0.0,0
2019-05-01,48.91295610858762,49.48111069749171,48.103767234647215,48.31897735595703,7644400,0.0,0
2019-05-02,47.81107396378737,48.62887295539406,44.7895224876971,45.36628723144531,13932700,0.0,0
2019-05-03,45.79671831370054,45.925842427012036,44.522674682719625,45.8828010559082,7401700,0.0,0
2019-05-06,44.892835508782134,46.51121336084746,44.50545660871744,46.02053451538086,6089500,0.0,0
2019-05-07,45.50402904595041,45.904320007081935,45.32325333030285,45.581504821777344,7330800,0.0,0
2019-05-08,45.90862294115307,45.964576388421435,45.03056528490885,45.17690658569336,5390700,0.0,0
2019-05-09,44.987520469257085,45.745060984685885,44.37632453791879,45.56428527832031,4579700,0.0,0
2019-05-10,45.57289663496327,46.23918899391938,45.185521022189,45.68480682373047,4758100,0.0,0
2019-05-13,45.004737403570864,45.23716471772968,43.69625953340589,43.85982131958008,4213100,0.0,0
2019-05-14,44.18694203491241,45.62454401537742,43.765128767991335,45.17690658569336,4204500,0.0,0
2019-05-15,44.746488491625456,45.904320007081935,44.47962675625581,45.581504821777344,2928700,0.0,0
2019-05-16,45.87419590247366,46.09801301133869,45.39212398911925,45.60733413696289,3689700,0.0,0
2019-05-17,45.056392816897,45.21134437275328,43.610180484802385,43.73069763183594,4440800,0.0,0
2019-05-20,43.38636578225505,43.506882935919435,42.9731594213398,43.110897064208984,5168400,0.0,0
2019-05-21,43.283062050800595,44.06642682442855,43.059244951412374,43.58435821533203,4968400,0.0,0
2019-05-22,43.43801516963489,43.567142571038296,43.011899999157606,43.22280502319336,3019100,0.0,0
2019-05-23,42.61160624993246,42.92150936625642,41.501121177720265,41.931541442871094,4919200,0.0,0
2019-05-24,42.51691009940804,42.67616676783654,41.69911099976417,42.35335159301758,2918900,0.0,0
2019-05-28,42.49970424669597,42.55135587064642,41.406436168594674,41.802425384521484,6613000,0.0,0
2019-05-29,41.4925142173095,42.55134767551902,41.32895241489073,41.931541442871094,3525900,0.0,0
2019-05-30,42.02761620279633,42.43811145127956,41.94027834775657,42.33330535888672,3777600,0.7,0
2019-05-31,41.88786877101956,41.922805241668335,40.831065521833224,40.83979797363281,3396900,0.0,0
2019-06-03,40.91840533758971,41.88787078857422,40.91840533758971,41.88787078857422,5905200,0.0,0
2019-06-04,42.51671583742471,43.608455657958984,42.481779363553485,43.608455657958984,7043000,0.0,0
2019-06-05,44.09754756078577,44.167417162960774,42.83986140438697,43.96653747558594,6413300,0.0,0
2019-06-06,43.91413487916559,44.81373062174093,43.80059635372576,44.59538269042969,6228100,0.0,0
2019-06-07,44.65651768888518,45.1456148991074,44.42943398551783,44.80499267578125,5391100,0.0,0
2019-06-10,45.17183292416633,45.50371946782263,45.04955858369023,45.08449172973633,5434400,0.0,0
2019-06-11,45.41637273315431,45.56484773709227,45.032081547910245,45.45130920410156,5144300,0.0,0
2019-06-12,45.468774935990645,45.975340409932535,45.136885143716604,45.84433364868164,3103900,0.0,0
2019-06-13,46.01028418518718,46.246100390955434,45.45131391894787,46.18496322631836,4179800,0.0,0
2019-06-14,45.966615553606815,46.01901693407543,44.54298585705692,44.67399597167969,3919300,0.0,0
2019-06-17,43.72199749897148,43.95781369983485,42.83986985888346,43.10188674926758,5787300,0.0,0
2019-06-18,43.45124619337662,44.167427271131416,43.14556036691749,43.32897186279297,5014200,0.0,0
2019-06-19,43.62591961905097,43.87920403220425,42.211025883197614,42.359500885009766,5404000,0.0,0
2019-06-20,42.87916443903971,43.311492376094236,42.46430140319618,42.73505401611328,4228300,0.0,0
2019-06-21,42.6389878258641,43.03201480604737,42.19355946947329,42.23722839355469,9478500,0.0,0
2019-06-24,42.36823264780478,43.4075709704898,42.20228941346753,43.302764892578125,4602300,0.0,0
2019-06-25,43.224162345773166,43.86435670639614,42.83986781526489,43.39883804321289,4005200,0.0,0
2019-06-26,43.53857739203664,44.73512648802768,43.50364425415798,44.06261444091797,5244400,0.0,0
2019-06-27,44.20236905621136,44.66526574380852,44.133369010146,44.464385986328125,4097200,0.0,0
2019-06-28,44.577911300211916,44.717653833088995,42.866064439536444,43.06694412231445,6507400,0.0,0
2019-07-01,43.669591242562355,43.84427027387768,43.250363566440804,43.80933380126953,4641700,0.0,0
2019-07-02,43.66959116485252,43.72199587367149,42.586583838005005,43.14555740356445,4725800,0.0,0
2019-07-03,43.19795778606048,43.36390436097039,42.97087738319076,43.08441925048828,2479400,0.0,0
2019-07-05,42.80492395791073,43.119345489815366,42.761255041085036,43.06694412231445,2529800,0.0,0
2019-07-08,43.09315323604798,43.232895796261836,42.25906243509391,42.37697219848633,5936000,0.0,0
2019-07-09,42.18481618475188,42.298358032554944,41.48610352851137,41.80925750732422,4967400,0.0,0
2019-07-10,42.219761695030975,42.28963130976048,41.503580652494854,41.529781341552734,3507400,0.0,0
2019-07-11,41.68699056084521,41.975211456470085,41.20662573319575,41.73065948486328,4202000,0.0,0
2019-07-12,42.324573230454284,43.70453411502131,41.992686687253475,43.41631317138672,4328400,0.0,0
2019-07-15,43.468711473304644,44.49931409199713,43.37263783960401,44.48184585571289,4923800,0.0,0
2019-07-16,44.49931590193402,45.97971483705099,44.49931590193402,45.69586181640625,6011200,0.0,0
2019-07-17,45.55611722042514,45.678391542209454,44.74386256088605,45.0670166015625,4417500,0.0,0
2019-07-18,45.023345726890014,45.460041618192,44.78752954577991,45.19802474975586,3620300,0.0,0
2019-07-19,45.21549455969957,45.267899267901726,44.979678370377925,44.99714660644531,3221500,0.0,0
2019-07-22,44.983172158062686,45.0408143370045,44.193623234679514,44.438175201416016,2814900,0.0,0
2019-07-23,44.54298425179554,46.20243009582714,44.499315325736916,45.95787811279297,4387700,0.0,0
2019-07-24,45.853069339040665,46.28103278549751,45.45130991206504,46.106353759765625,3516400,0.0,0
2019-07-25,45.10195586336419,45.40764501845598,43.93161061833626,44.342105865478516,4254600,0.0,0
2019-07-26,43.90539952075657,43.93160020462708,42.7263187707115,42.89226531982422,5066000,0.0,0
2019-07-29,42.37697166350552,42.69139325294868,41.90533927934078,41.96647644042969,4219800,0.0,0
2019-07-30,41.73065808986983,42.307096530124774,41.73065808986983,42.27216339111328,4194300,0.0,0
2019-07-31,42.350766826238846,43.17175386024044,41.87913448827566,42.30709457397461,5188500,0.0,0
2019-08-01,42.05382344777354,42.44684715730017,40.857274085324185,40.91841125488281,5803200,0.0,0
2019-08-02,40.778665053540415,41.486113664932034,39.62578805612666,39.82666778564453,5346400,0.0,0
2019-08-05,39.35503766910251,39.41617483161191,38.49037827804378,39.10175323486328,5147300,0.0,0
2019-08-06,39.39870869268174,39.695662068563614,38.19779484387975,38.80480194091797,4702800,0.0,0
2019-08-07,38.516574143250615,39.30262803667412,38.35063091318346,39.2065544128418,4490100,0.0,0
2019-08-08,39.4746934035422,40.89220945000686,39.46857968675269,40.86600875854492,4573400,0.0,0
2019-08-09,40.54284951568733,41.04068595303134,40.26336438031299,40.7349967956543,4468000,0.0,0
2019-08-12,40.51664066804356,40.87473113387909,39.75679081746084,39.90526580810547,4491600,0.0,0
2019-08-13,39.9838821410857,41.7131977908708,39.80920641761869,40.91841125488281,5407300,0.0,0
2019-08-14,40.00134276820469,40.30703188955625,38.429238234065245,38.49911117553711,6178300,0.0,0
2019-08-15,38.72618870470711,38.75238938995663,37.52090720735446,37.887733459472656,3494600,0.0,0
2019-08-16,37.80913608544522,39.13669217096409,37.35497189842095,38.874671936035156,4586000,0.0,0
2019-08-19,39.61705560341961,40.05637027302913,39.43364411104141,39.82666778564453,3615500,0.0,0
2019-08-20,39.520976018051755,39.520976018051755,37.61698176876562,37.695587158203125,5972800,0.0,0
2019-08-21,38.29823288902334,38.63885852339621,37.76546663692612,37.80039978027344,4397800,0.0,0
2019-08-22,37.835327844152644,38.341896624918,36.69991931049998,36.72611999511719,6072100,0.0,0
2019-08-23,36.68245469730643,36.699922932683606,35.31996232341397,35.55577850341797,6696800,0.0,0
2019-08-26,36.04487861545573,36.114748224302275,35.46844018263973,35.651851654052734,3402400,0.0,0
2019-08-27,35.975003023894764,36.44663534282389,35.73831395249616,35.95753479003906,4152200,0.0,0
2019-08-28,35.94007374016509,37.24142565051406,35.59944814105618,37.136619567871094,4539300,0.0,0
2019-08-29,37.58950883588283,38.18447460489252,37.4829450724089,37.62502670288086,3292500,0.7,0
2019-08-30,38.03351030624471,38.1844705405246,37.536222958777635,37.85590744018555,4099200,0.0,0
2019-09-03,37.42077836079018,37.50069947638602,36.541649476728644,37.11885452270508,3343300,0.0,0
2019-09-04,37.82038940588822,37.99799228705152,37.16325976183199,37.7759895324707,2651400,0.0,0
2019-09-05,38.317676520509025,39.045845279306086,38.26439464029467,38.50415802001953,4041400,0.0,0
2019-09-06,38.66399705582158,38.77055741988992,37.88254648183702,38.3975944519043,3217900,0.0,0
2019-09-09,38.655119750934226,39.629267976860326,38.4153563619992,39.47209167480469,3848000,0.0,0
2019-09-10,40.049289368255366,41.177063593347185,39.76512615740465,41.13266372680664,4704000,0.0,0
2019-09-11,41.3102708000143,41.78091553090396,40.47554170631523,41.62995529174805,4445000,0.0,0
2019-09-12,41.7986729347691,41.905233294635096,40.466656580219436,41.70987319946289,3649700,0.0,0
2019-09-13,42.304844264326455,43.01525239969642,41.958520510051926,42.80213165283203,4027600,0.0,0
2019-09-16,43.237256263703465,44.3827913168606,42.87317187326127,43.521419525146484,5040600,0.0,0
2019-09-17,43.21949270727055,43.5924590798204,42.278203237845446,42.62452697753906,3741900,0.0,0
2019-09-18,42.535730689249526,42.535730689249526,41.75428001603027,42.18940353393555,2588200,0.0,0
2019-09-19,42.73108878016515,42.98861278562636,42.1716442838099,42.30484390258789,2418300,0.0,0
2019-09-20,42.1538822263845,43.379334937515765,41.79867648004633,42.81100845336914,10570400,0.0,0
2019-09-23,42.082839146203966,42.8154488708173,41.84307577883089,42.54460525512695,3599400,0.0,0
2019-09-24,42.42916662761757,42.62453014143031,40.80410817747205,41.38131332397461,4515300,0.0,0
2019-09-25,41.33690549823068,42.597882700533205,40.963942557228094,42.34035873413086,4396200,0.0,0
2019-09-26,42.18939973933305,42.34924198510347,41.67790523036629,41.940757751464844,2994200,0.0,0
2019-09-27,42.091720779351505,42.51796563284581,41.74539366011272,41.798675537109375,3722300,0.0,0
2019-09-30,41.96739739040781,42.43804551292297,41.83419777601122,42.313724517822266,2512200,0.0,0
2019-10-01,42.571252332975334,43.13070029311431,40.759712203109935,40.82187271118164,3838400,0.0,0
2019-10-02,39.66745353878736,40.11145908126312,39.39217227044821,39.898338317871094,4759500,0.0,0
2019-10-03,39.82728740646394,40.30681410421557,39.40104258207117,40.235774993896484,3422400,0.0,0
2019-10-04,40.120335222283806,40.65314044034484,39.96937159842096,40.26241683959961,3512300,0.0,0
2019-10-07,40.03153627446177,40.644262626114255,39.751810650071675,40.111454010009766,2977900,0.0,0
2019-10-08,39.73848883524631,40.00489143485554,38.921520411445634,38.93927764892578,2985900,0.0,0
2019-10-09,39.41880496798094,39.55200796358402,39.07248124440439,39.08135986328125,2844600,0.0,0
2019-10-10,39.365530631624374,40.21802040841626,39.09024599250703,39.88945388793945,4325000,0.0,0
2019-10-11,40.62650680740927,42.3758897145896,40.40716660780598,41.85196304321289,3675700,0.0,0
2019-10-14,41.48787566861379,41.976281048939185,41.061630788284724,41.57667541503906,3196500,0.0,0
2019-10-15,41.57667080923958,42.71332369753377,41.31914683064393,41.91411590576172,3216800,0.0,0
2019-10-16,42.171648976678796,42.553490636328306,41.74540066417538,41.843082427978516,3626900,0.0,0
2019-10-17,42.12724022625754,43.10405434961197,41.860837606249284,42.455806732177734,2724400,0.0,0
2019-10-18,42.54460464642542,42.794137540053626,42.056199299502,42.58900451660156,2757600,0.0,0
2019-10-21,43.14845983972307,43.4859050089993,41.81644317875713,41.843082427978516,3967000,0.0,0
2019-10-22,41.80756017573388,42.077512895363725,40.86626728115729,41.57667541503906,4645400,0.0,0
2019-10-23,41.54115213703878,42.18939973933305,41.33691002021946,41.940757751464844,4152000,0.0,0
2019-10-24,43.20173994545171,44.391674915714226,42.48244975867212,43.929908752441406,6098900,0.0,0
2019-10-25,44.205185309835414,45.07543565998463,43.4237380897992,44.8267936706543,5361100,0.0,0
2019-10-28,45.06655242687305,45.6792787182041,44.78238921458972,45.47503662109375,4504100,0.0,0
2019-10-29,45.25303810187629,45.84800721174326,44.72911149542335,45.72368621826172,3462100,0.0,0
2019-10-30,45.46616443902496,45.705927818485314,44.69359580798149,45.31520080566406,3602100,0.0,0
2019-10-31,45.182001858011354,45.315201479140164,44.143027198241874,44.83567810058594,3744000,0.0,0
2019-11-01,45.27080221643145,46.61170077801429,45.19976309503594,46.45185852050781,3207100,0.0,0
2019-11-04,46.75378004621168,48.316677900378295,46.58505578987173,48.103553771972656,5430200,0.0,0
2019-11-05,47.96147136409659,48.840603721582006,47.641790257958576,48.13019561767578,6044500,0.0,0
2019-11-06,48.09467254547633,48.60972051849963,47.78387007037117,48.20123291015625,3847000,0.0,0
2019-11-07,48.787320175929764,49.67533112233361,48.325554077300616,49.55101013183594,5974300,0.0,0
2019-11-08,49.2846073393029,49.71973419189453,48.85836249313781,49.71973419189453,4812000,0.0,0
2019-11-11,49.32900601049058,49.950614333022315,49.035964167899785,49.55989074707031,3184900,0.0,0
2019-11-12,49.72862218680772,49.82630395095935,48.42324477040608,48.98269271850586,2742700,0.0,0
2019-11-13,48.121313833762876,48.378837831213055,47.47306622422809,47.65066909790039,3426000,0.0,0
2019-11-14,47.33097943665106,48.0769087146627,47.19777983655526,47.90818786621094,2595500,0.0,0
2019-11-15,48.192355288073884,49.09812687532127,48.07691291457852,48.71628189086914,3865000,0.0,0
2019-11-18,48.618604202122214,48.76068583232731,48.05915630116132,48.236759185791016,3439900,0.0,0
2019-11-19,48.67188515338432,48.67188515338432,46.87810248915021,47.41090774536133,5208300,0.0,0
2019-11-20,47.188900186349784,47.46418479361139,46.26536800794912,46.77153396606445,5394100,0.0,0
2019-11-21,46.80705661044278,47.8815490526591,46.48737212474368,47.846031188964844,4618400,0.0,0
2019-11-22,47.93483211879168,48.53867985398523,47.597386999126336,48.13019561767578,3115600,0.0,0
2019-11-25,48.68076621224153,49.04485061264345,48.272281936179546,49.018211364746094,5073700,0.0,0
2019-11-26,49.062610003242874,49.50661552363422,48.68076498470686,49.16917037963867,4643800,0.0,0
2019-11-27,49.17815512194607,49.376020046934585,48.476639014610576,48.81840133666992,3926000,0.7,0
2019-11-29,48.575572851106614,48.818406165557995,47.77512420210023,47.999969482421875,1887600,0.0,0
2019-12-02,47.667195361511816,48.34173114492944,47.56826289767194,47.81109619140625,3349500,0.0,0
2019-12-03,46.73184313883605,46.77681150959326,45.91340643993442,46.60593032836914,3950100,0.0,0
2019-12-04,48.10789949605164,48.10789949605164,46.95668928453009,47.01964569091797,3791400,0.0,0
2019-12-05,47.24449320237797,47.35242141629211,46.48002055692128,46.767822265625,2692600,0.0,0
2019-12-06,47.29845920529026,48.341741298877864,47.29845920529026,47.86507034301758,2818800,0.0,0
2019-12-09,48.53060980098558,48.54859783708711,47.658212350697546,47.910037994384766,2377200,0.0,0
2019-12-10,47.99097972419585,48.017960061387,47.3883925569475,47.784122467041016,2609700,0.0,0
2019-12-11,48.11689112796219,48.62953810476272,47.712168927628404,47.757137298583984,3253300,0.0,0
2019-12-12,47.89204401635142,49.08822253719084,47.505309865318125,48.9713020324707,2882300,0.0,0
2019-12-13,49.14218821672029,49.304077107181946,47.89204889771857,47.919029235839844,3198600,0.0,0
2019-12-16,48.215823548951356,49.05224828508852,48.12588337627346,48.71947479248047,4040000,0.0,0
2019-12-17,48.65652062591533,49.232127464939445,48.50362747162786,49.16017532348633,2665300,0.0,0
2019-12-18,48.89036008819921,49.18715408501593,48.152867816270586,48.79142761230469,3659100,0.0,0
2019-12-19,48.95331535691599,49.349041820431125,48.62054529825856,49.03425979614258,3356000,0.0,0
2019-12-20,49.51093416332454,49.69081108873317,48.584572629140524,49.11520767211914,10476700,0.0,0
2019-12-23,49.007281031122695,49.51093228613067,48.76444770565805,49.40300750732422,2678600,0.0,0
2019-12-24,49.46597053886454,49.69081585949574,49.15118846232778,49.376033782958984,926200,0.0,0
2019-12-26,49.44797681092009,49.672822105675564,49.034262291978074,49.6638298034668,1909600,0.0,0
2019-12-27,49.72678288112647,49.960620462429674,49.21413591788736,49.31306838989258,1688500,0.0,0
2019-12-30,49.34004643060652,49.51092760011573,48.78243112353799,48.87236785888672,1943300,0.0,0
2019-12-31,48.58456948787048,49.26809764318889,48.503625048213465,49.22312927246094,2145700,0.0,0
2020-01-02,49.67282734282672,49.95163677283129,48.24281098017642,48.34174346923828,5145200,0.0,0
2020-01-03,47.76613644676946,48.20683131685912,47.13656891577433,47.14556121826172,5004300,0.0,0
2020-01-06,47.0556242231209,47.55927893144882,46.76782251289552,46.95669174194336,4293100,0.0,0
2020-01-07,47.02864562640374,47.725664025376695,46.75883194193462,46.93870544433594,5122800,0.0,0
2020-01-08,47.136568105225834,47.820096301125574,46.695869811847274,47.42436981201172,3629700,0.0,0
2020-01-09,47.44236017131419,47.730161892196875,46.596943045079726,46.93870544433594,2667800,0.0,0
2020-01-10,47.54128943959215,47.550281741756955,46.22819374804837,46.31813049316406,3277300,0.0,0
2020-01-13,46.318123317543574,47.127567621653014,46.29114298436205,47.08259582519531,2665500,0.0,0
2020-01-14,46.93870129321283,47.640220927832736,46.722851737073505,46.983673095703125,3689800,0.0,0
2020-01-15,46.93870230861538,47.35242025675472,46.49800745395859,47.01065444946289,2235400,0.0,0
2020-01-16,47.28946410232253,47.55028203712492,46.92071452480368,47.19952392578125,3765600,0.0,0
2020-01-17,47.244484443998225,47.990972346282504,47.150049847480275,47.972984313964844,3897500,0.0,0
2020-01-21,47.64920747001198,47.80210403208992,46.947691351057635,47.30744171142578,4156000,0.0,0
2020-01-22,47.42437169563689,47.487328107067654,45.5824386405282,45.751522064208984,5149600,0.0,0
2020-01-23,45.16691691399927,45.64358776718823,44.20457947593871,45.19389724731445,5797600,0.0,0
2020-01-24,44.86113165134832,45.211889742533444,43.206270237632125,43.610992431640625,5919300,0.0,0
2020-01-27,42.54972462104964,42.79255794998477,41.94713744979576,42.432804107666016,4827000,0.0,0
2020-01-28,42.63067081046602,42.91847252376455,42.28890498934887,42.414817810058594,5813800,0.0,0
2020-01-29,44.05168852310836,44.92408934060126,43.70992272385338,44.67226028442383,6828000,0.0,0
2020-01-30,43.44910908707643,44.051692873106724,42.86450990674412,43.59300994873047,5644800,0.0,0
2020-01-31,42.90048247076611,43.048881187139735,41.29958165608742,41.43449020385742,7532200,0.0,0
2020-02-03,41.65034844600467,42.24393995548103,41.128705655108945,42.03708267211914,6364900,0.0,0
2020-02-04,42.85551296692275,43.51206079160993,42.6666403188583,43.21526336669922,5287000,0.0,0
2020-02-05,43.96175353450609,44.73522190696203,43.6379757571183,44.61830139160156,5403200,0.0,0
2020-02-06,44.6182998181373,44.66326818988491,43.673950287970044,44.24955368041992,5985200,0.0,0
2020-02-07,43.65596724835287,43.65596724835287,42.675641536268785,43.19728088378906,3802100,0.0,0
2020-02-10,42.99042077416305,43.81785326414506,42.99042077416305,43.34117889404297,2488300,0.0,0
2020-02-11,43.65596827799731,44.97805643034428,43.61999220328747,43.88081359863281,3705400,0.0,0
2020-02-12,44.69025160020518,45.30183110445953,44.06068749070842,44.41144561767578,2964200,0.0,0
2020-02-13,43.9797361442605,44.06068057862138,43.18827983393925,43.44010543823242,3302600,0.0,0
2020-02-14,43.62898355191364,44.01571776941421,43.51206645796584,43.73691177368164,3207000,0.0,0
2020-02-18,43.341177369662844,43.63797480273286,42.47687338229754,42.936458587646484,3594300,0.0,0
2020-02-19,43.008408063996626,43.4311183195294,42.639661914765995,42.77457046508789,5644900,0.0,0
2020-02-20,42.73859759663576,43.89880023756413,42.66664544950817,43.85382843017578,4154200,0.0,0
2020-02-21,43.691934473392145,43.86281564332443,43.24224393380202,43.44010543823242,3972800,0.0,0
2020-02-24,41.92015715941532,42.30689133953807,41.19165717179334,41.58738708496094,5075900,0.0,0
2020-02-25,41.821222718513795,41.85270092095973,39.19503145483392,39.527801513671875,5529300,0.0,0
2020-02-26,39.977499922126384,40.3642341599582,38.69138437414939,38.71836471557617,6470700,0.0,0
2020-02-27,37.785824302666285,37.90467388311294,36.11275087904419,36.15846252441406,10009300,0.7,0
2020-02-28,34.851094749724616,37.017862656141084,34.787097738572285,36.94472122192383,10280000,0.0,0
2020-03-02,37.52983644842815,37.868106842041016,36.368742408107956,37.868106842041016,7706700,0.0,0
2020-03-03,37.804108179323656,39.07856928738689,36.332173589788624,37.08185577392578,6765300,0.0,0
2020-03-04,37.8955368691009,38.370945702790266,36.761869113753114,38.31608963012695,4967000,0.0,0
2020-03-05,36.597307460842515,37.14585777087779,36.25903703657827,36.66130447387695,5447400,0.0,0
2020-03-06,35.399642610845035,36.28645977054322,35.02480150518078,35.628204345703125,6928400,0.0,0
2020-03-09,31.770082184670706,31.943787853318735,27.8205355561148,27.91196060180664,15081500,0.0,0
2020-03-10,29.72216651041566,30.47185221042936,26.801149557398467,28.707353591918945,12975400,0.0,0
2020-03-11,27.601115207138537,27.729109218872864,25.461777259017623,25.589771270751953,12444100,0.0,0
2020-03-12,23.267584586406297,24.1269754273648,20.46998778274535,21.64022445678711,18163300,0.0,0
2020-03-13,25.534920318483493,25.608060012540005,20.643698265064113,23.48700714111328,17350800,0.0,0
2020-03-16,21.11910387582661,23.249299096900693,20.06772028276034,20.113431930541992,12345400,0.0,0
2020-03-17,23.468719766302385,25.233216695652914,20.789975867861443,24.3189697265625,19873300,0.0,0
2020-03-18,22.709895785749012,25.864048656353845,22.40819434329194,24.172691345214844,16955900,0.0,0
2020-03-19,24.02641121411794,28.66164311444282,23.70642442300027,25.70862579345703,13893400,0.0,0
2020-03-20,26.13832060089787,27.143992600845834,24.309826689642545,25.086936950683594,12649100,0.0,0
2020-03-23,24.81265983382686,25.992039149307377,23.779561623835534,24.300682067871094,11703100,0.0,0
2020-03-24,26.20231571944806,27.3908359785498,24.5932409843124,26.028608322143555,12333600,0.0,0
2020-03-25,26.677726915255995,29.644457362128676,26.147463741380875,27.774822235107422,10539200,0.0,0
2020-03-26,27.68340195473332,28.615932642450193,26.4674534193042,27.13485336303711,14298600,0.0,0
2020-03-27,25.598915429188512,26.75269432229402,24.611528760957036,26.11089324951172,9101400,0.0,0
2020-03-30,25.882330264504397,26.869716885427074,25.42520679659968,26.193174362182617,6817000,0.0,0
2020-03-31,26.10175117351629,27.500549712406965,26.01032786847284,26.732582092285156,7599900,0.0,0
2020-04-01,25.45263204634087,25.845758464712535,24.629810242937655,24.721235275268555,10339900,0.0,0
2020-04-02,24.785237349929353,27.28113130404787,24.616100395158135,25.626344680786133,10680300,0.0,0
2020-04-03,25.39777986153036,26.120034015764254,25.068650414959794,25.57148551940918,8005100,0.0,0
2020-04-06,26.99771290054613,28.323369923881888,26.970284864445848,27.92110252380371,8021100,0.0,0
2020-04-07,29.95072679296122,32.062638379273125,29.082193287612284,29.55760383605957,15028000,0.0,0
2020-04-08,30.1427174846822,31.943781271646934,29.58502639027712,31.8066463470459,7220700,0.0,0
2020-04-09,32.684331987164,34.5036851483954,32.49234094397785,33.42487335205078,9892300,0.0,0
2020-04-13,33.34258727398939,33.735713740215736,31.605516679613658,32.208919525146484,7170600,0.0,0
2020-04-14,33.25116102430438,33.955131603402805,32.080926029218894,32.3369140625,7348800,0.0,0
2020-04-15,30.947259985473575,30.947259985473575,29.137053062588826,29.4661808013916,7586700,0.0,0
2020-04-16,29.886730486523884,29.886730486523884,28.0216676810333,28.91762924194336,6918500,0.0,0
2020-04-17,30.206721119474654,31.139253459536544,29.80445021538396,30.55413246154785,6544100,0.0,0
2020-04-20,29.420464413805032,30.014726271470817,28.798776266195446,28.826204299926758,7140700,0.0,0
2020-04-21,27.793106920520138,28.487934811506598,27.079995415819358,28.231945037841797,7315100,0.0,0
2020-04-22,29.07305224039487,29.278759896179995,28.231944978728986,29.109622955322266,5331100,0.0,0
2020-04-23,29.347325153703522,30.471851950338063,29.2650427902321,29.767881393432617,7724700,0.0,0
2020-04-24,30.206717791194084,30.49013209231173,29.475320983765368,30.279855728149414,4979100,0.0,0
2020-04-27,30.453570961646047,31.76551326662188,29.99644742958182,31.48666763305664,4885900,0.0,0
2020-04-28,32.437481115516164,33.08659560795575,31.733510550975573,32.794036865234375,5868600,0.0,0
2020-04-29,33.827134967996045,34.82366421871839,33.735711673923404,34.256832122802734,6887300,0.0,0
2020-04-30,34.073981289709366,34.147119225826806,32.95859899142444,33.54371643066406,10990200,0.0,0
2020-05-01,31.75179595142373,32.080925409325665,30.66384334342594,31.02039909362793,8709300,0.0,0
2020-05-04,29.34732636118369,30.298144047624294,29.03648399546487,30.225006103515625,6248300,0.0,0
2020-05-05,30.74612711359989,31.58723266662618,30.380426924194694,30.508420944213867,5041600,0.0,0
2020-05-06,29.90501500304732,30.512990023301164,29.14619015236916,29.219329833984375,4601500,0.0,0
2020-05-07,29.74045363074844,30.90154773288496,29.722168272339736,30.03301239013672,5056200,0.0,0
2020-05-08,30.883265889212947,31.422671817143748,30.508424718113634,31.386104583740234,4175700,0.0,0
2020-05-11,31.267244793793033,31.30381550694707,30.243289238506144,30.992971420288086,4321000,0.0,0
2020-05-12,31.312955373123447,32.373481605381706,30.855831937019456,30.89240264892578,5675400,0.0,0
2020-05-13,30.62727110105493,30.684868404557474,29.063909741571354,29.575885772705078,5865200,0.0,0
2020-05-14,28.515364461169508,30.672986198640544,28.25023199375242,30.636415481567383,6187900,0.0,0
2020-05-15,30.36214226857043,31.066112882541805,30.01473091692915,30.682130813598633,4829200,0.0,0
2020-05-18,32.80317889123149,34.75052222628484,32.64775510875431,33.58943176269531,8544900,0.0,0
2020-05-19,33.48886920377438,33.53458085710181,32.52891053359592,32.583763122558594,4415500,0.0,0
2020-05-20,33.22373681152236,33.82713970458765,32.69347186644118,33.077457427978516,5656200,0.0,0
2020-05-21,32.91289007729288,33.60771622216925,32.60204597594877,32.74832534790039,3941800,0.0,0
2020-05-22,32.6203308713265,33.077454338147135,32.33691306637061,33.02259826660156,3040600,0.0,0
2020-05-26,35.070515629655425,35.60992150149081,34.66824471586768,35.46364212036133,6188600,0.0,0
2020-05-27,36.52416083183983,37.177847441831986,35.6830519513778,36.40530776977539,6895200,0.0,0
2020-05-28,36.824083573712066,36.9357553131753,35.68874298089728,36.02376174926758,5266800,0.7,0
2020-05-29,35.493316390467776,36.28433371224152,35.10246352910567,35.92139434814453,5254200,0.0,0
2020-06-01,35.93070602416992,36.30294637494979,35.53054507334538,35.93070602416992,3014400,0.0,0
2020-06-02,36.47976156041434,38.36889089703145,36.377394316561656,37.78260803222656,6083400,0.0,0
2020-06-03,38.61084654994386,39.36463517793815,38.58292595447641,38.74113082885742,5160600,0.0,0
2020-06-04,38.62015278438966,39.79271489729778,38.452643403977,39.746185302734375,3901500,0.0,0
2020-06-05,41.607405036814214,42.55662384810799,40.7949882993386,40.918758392333984,7656600,0.0,0
2020-06-08,41.021118065550795,42.74273790846436,41.021118065550795,42.714820861816406,5727300,0.0,0
2020-06-09,41.38405419644869,41.70976490983087,40.87128790912063,41.328216552734375,5535400,0.0,0
2020-06-10,41.309605340004296,41.4119725817989,40.388307263814106,40.555816650390625,4267700,0.0,0
2020-06-11,38.36423211391891,39.12267829931168,36.247105528572995,36.53559112548828,9225100,0.0,0
2020-06-12,38.91795046208804,39.00635918585998,37.2102889606863,38.368892669677734,5034900,0.0,0
2020-06-15,36.740329613471445,39.504230957601614,36.563515726634215,39.06684494018555,5665300,0.0,0
2020-06-16,41.09556909570417,41.41197534143572,38.56431912985175,39.318111419677734,5592400,0.0,0
2020-06-17,39.73687502827055,39.82621382483646,38.182761235875375,38.313045501708984,3525100,0.0,0
2020-06-18,37.82913901771285,39.076151321604954,37.57787494715468,38.694602966308594,4106800,0.0,0
2020-06-19,39.671740128610615,40.016063401090534,38.592237164906,38.75974655151367,7494400,0.0,0
2020-06-22,38.582929910155336,39.20643787314099,37.847750203791925,38.843502044677734,3316000,0.0,0
2020-06-23,39.532146175729665,39.532146175729665,38.461951304964984,38.480560302734375,3603900,0.0,0
2020-06-24,37.782608025356694,37.8942833186197,35.66082715308954,35.78180694580078,7707200,0.0,0
2020-06-25,35.36303523957835,37.25216467033036,35.06524154261195,37.20563507080078,5986900,0.0,0
2020-06-26,36.814780596314314,37.22424602459176,36.04237578731328,37.038124084472656,8333800,0.0,0
2020-06-29,37.55926330187633,38.33631855450907,37.40105841662082,38.13623809814453,7756700,0.0,0
2020-06-30,37.77330196196366,38.10832072792032,37.00089719045462,37.93150329589844,4835300,0.0,0
2020-07-01,37.92219924926758,38.434031903372,37.53134638430876,37.92219924926758,4023600,0.0,0
2020-07-02,38.7690567967828,39.31811463426648,38.0711020991331,38.703914642333984,4017500,0.0,0
2020-07-06,39.67173988484598,39.8113286728409,38.675991620563615,39.50423049926758,4679000,0.0,0
2020-07-07,38.84349969714517,39.15059786036951,38.31305096070221,38.796966552734375,4535900,0.0,0
2020-07-08,38.61084736123903,38.88072042323901,36.88456997942053,37.54995346069336,4824200,0.0,0
2020-07-09,37.58717468146496,37.70815445194935,36.45183425841159,36.70309829711914,3671900,0.0,0
2020-07-10,36.703103520711046,37.98734094021807,36.687284807309794,37.93150329589844,3007800,0.0,0
2020-07-13,38.24791268346272,38.936562820553,37.689550393915574,38.37820053100586,3089000,0.0,0
2020-07-14,38.45264105867439,39.718265833496865,38.3781944219097,39.49491882324219,4350800,0.0,0
2020-07-15,40.62095957541501,41.03972949991933,39.6019447124982,40.32316589355469,3788300,0.0,0
2020-07-16,40.192872757279524,41.19327493955892,39.867162070016576,40.7884635925293,4259800,0.0,0
2020-07-17,41.01181220392502,41.08626239893081,39.978838823094094,40.63956832885742,4610600,0.0,0
2020-07-20,40.33247443495231,40.64422667220788,39.19713369034271,39.36464309692383,3580900,0.0,0
2020-07-21,39.55076312556292,40.41622716736783,39.50423352599962,40.05329132080078,3399600,0.0,0
2020-07-22,39.960226753837375,41.41197362404412,39.9090431316519,41.26307678222656,5792500,0.0,0
2020-07-23,40.01606208495568,40.20218401395157,38.973784252551376,39.84855270385742,6574300,0.0,0
2020-07-24,39.84855985536105,40.46275984628981,39.364644173117,39.653133392333984,2999600,0.0,0
2020-07-27,39.83925049355259,41.393361057489535,39.485619163143305,40.94667053222656,4733600,0.0,0
2020-07-28,40.70471508153139,40.965283670856955,39.634516575405776,39.66243362426758,3395400,0.0,0
2020-07-29,39.82994334841569,40.60793229298032,39.774109250228065,40.49998092651367,3186900,0.0,0
2020-07-30,39.69965818617608,39.85786307754322,38.47125835312833,38.83419418334961,4118700,0.0,0
2020-07-31,38.6108466158872,39.011003951813564,37.77329975004048,38.21068572998047,7462100,0.0,0
2020-08-03,38.359588465489814,38.37820101537374,37.29869797197232,37.30800247192383,5079900,0.0,0
2020-08-04,37.2614733546935,38.95983039129868,37.1311890537999,38.4526481628418,5408800,0.0,0
2020-08-05,38.99239810815562,39.53214781536699,38.85280576923199,39.07615280151367,3563600,0.0,0
2020-08-06,38.796969738018205,39.38046233101684,38.20696648024569,39.131988525390625,3724900,0.0,0
2020-08-07,38.6946020095422,39.70430874127763,38.56803810750853,39.67173767089844,2913100,0.0,0
2020-08-10,39.83925024412918,41.7749091748167,39.83925024412918,41.69115447998047,4245900,0.0,0
2020-08-11,42.379807159670214,42.87302730920701,41.26307901073662,41.4119758605957,4373800,0.0,0
2020-08-12,42.08201315108451,42.230909999850745,40.8815303110425,41.20724105834961,2577300,0.0,0
2020-08-13,40.816387044307085,41.75629771079417,40.67679469929318,41.346832275390625,2767100,0.0,0
2020-08-14,40.900145824926426,42.007565996006406,40.7884740677541,41.75630187988281,1998300,0.0,0
2020-08-17,41.97033946259779,42.286745722115455,41.1421004876789,41.374752044677734,3257300,0.0,0
2020-08-18,41.328217859379215,41.90519266274682,41.2351586668937,41.607398986816406,2447100,0.0,0
2020-08-19,41.58878881521061,41.97033720617655,41.17932337489963,41.542259216308594,3453400,0.0,0
2020-08-20,40.96527811789355,41.0769498481841,40.50927959840496,40.65817642211914,3324000,0.0,0
2020-08-21,40.48136981148885,40.82569311244248,40.2487182608481,40.56512451171875,2511600,0.0,0
2020-08-24,41.225852714807196,42.947476263212984,40.96528412260817,42.9195556640625,4609000,0.0,0
2020-08-25,43.189435020907744,43.422086578561846,42.31745672722155,42.42633819580078,4188000,0.0,0
2020-08-26,42.510086769951855,43.42208031847771,42.13784291137861,43.12428665161133,3928500,0.0,0
2020-08-27,43.440695101026456,43.69195918599152,42.63106874945948,42.95677947998047,3702300,0.0,0
2020-08-28,42.90953532425699,43.66548325725362,42.49376486226987,43.5142936706543,3772900,0.7,0
2020-08-31,43.45760248297082,43.570993778685235,42.607158753502,42.63550567626953,3916800,0.0,0
2020-09-01,42.32367759651869,44.67656584496853,42.02129841281947,44.667118072509766,5428300,0.0,0
2020-09-02,45.05453330185514,46.56642894098711,44.80884800759398,46.509735107421875,7305900,0.0,0
2020-09-03,46.56643711589787,47.057804186037956,45.28132379470752,45.72544479370117,6726900,0.0,0
2020-09-04,46.575889583641604,46.96331314354583,45.43251805375891,45.92388153076172,5325900,0.0,0
2020-09-08,45.06398531483408,45.749065906936124,44.823029290211444,45.290771484375,4280800,0.0,0
2020-09-09,45.895530457833026,47.13339762492069,45.82938524173194,46.519187927246094,4168100,0.0,0
2020-09-10,46.58533158815445,47.01055339506876,45.98057328705135,46.01837158203125,4211300,0.0,0
2020-09-11,46.50029078590941,47.64366226173648,46.339653426915355,47.10504913330078,6225700,0.0,0
2020-09-14,47.31293755095013,47.728708025782744,46.95858660847468,47.33183670043945,5298900,0.0,0
2020-09-15,47.82320012925745,48.720889836056394,47.61531310535936,48.257869720458984,4771700,0.0,0
2020-09-16,47.42632291536274,48.28621428410509,46.708173347751746,46.96330642700195,5863500,0.0,0
2020-09-17,46.65147650666354,48.42795670838859,46.160109488967514,48.16337585449219,5253700,0.0,0
2020-09-18,47.74760223431663,48.40905797941839,47.48302137813345,47.596412658691406,6271100,0.0,0
2020-09-21,46.33965192422054,46.61368416794726,44.582070781206355,45.271873474121094,6468800,0.0,0
2020-09-22,45.338023164777276,45.50338622312172,44.600974330645265,45.16793441772461,4181900,0.0,0
2020-09-23,45.05454009870257,45.47031056102536,43.91116862383181,44.16630172729492,4018000,0.0,0
2020-09-24,44.10015101547757,44.402533780617055,43.17411438587944,43.854469299316406,4648700,0.0,0
2020-09-25,43.249711569501095,43.84502212689568,43.11742113555652,43.504844665527344,4090200,0.0,0
2020-09-28,43.939518086750944,45.62150278690814,43.939518086750944,44.86555480957031,3993100,0.0,0
2020-09-29,44.629318510048265,45.14903249202931,43.71272960779384,44.00566101074219,2716800,0.0,0
2020-09-30,44.59152277647345,45.47031343121403,44.043461841755104,44.459232330322266,4663200,0.0,0
2020-10-01,44.61041557721498,44.88444780789347,43.40089897924618,43.570987701416016,3407600,0.0,0
2020-10-02,42.87173633005363,44.85610367716104,42.644953756160454,44.70491409301758,4559000,0.0,0
2020-10-05,45.26242311806903,46.1912929551891,45.07343525026674,45.90497970581055,3913400,0.0,0
2020-10-06,46.41524481518777,47.04835366644316,45.22462731045638,45.243526458740234,4474700,0.0,0
2020-10-07,45.7821417494202,46.358553183281515,45.35691990438773,45.64039993286133,4506400,0.0,0
2020-10-08,45.94277365372519,46.68927373693491,45.80670556319142,46.660926818847656,2962000,0.0,0
2020-10-09,47.057803086163744,47.33183533890998,46.01837512665989,46.642032623291016,4472800,0.0,0
2020-10-12,46.679826719620536,46.7743188511998,45.604489392515724,45.90497970581055,3005700,0.0,0
2020-10-13,45.81048648868015,46.282954381844725,45.167929865604805,45.243526458740234,6832200,0.0,0
2020-10-14,45.20572826151125,46.27350671170992,44.808853355966015,46.14121627807617,5322100,0.0,0
2020-10-15,45.24352359474507,46.37272149955666,45.20572530057005,46.31129837036133,2793200,0.0,0
2020-10-16,46.651479996253876,47.24206487833756,46.424697420134414,46.58533477783203,2754300,0.0,0
2020-10-19,46.61368541793854,47.55862123159573,46.056173143695034,46.150665283203125,2903500,0.0,0
2020-10-20,46.63258238541866,47.388533943132394,46.500291944212,46.62313461303711,2503600,0.0,0
2020-10-21,46.6609311401527,46.97748377025554,45.87663269042969,45.87663269042969,4092500,0.0,0
2020-10-22,47.06725144554795,47.39797751928481,44.55372247121633,46.13176345825195,5244000,0.0,0
2020-10-23,46.79322273799594,47.199545433300806,45.744343389866835,45.85773468017578,3123400,0.0,0
2020-10-26,45.3002188900453,45.48920676236212,44.23905860150778,44.5537223815918,4026400,0.0,0
2020-10-27,44.33638710709992,44.591520211994776,43.83557227414561,44.00566101074219,4141200,0.0,0
2020-10-28,42.4654135291225,43.18356675529688,41.8890057193656,42.69219970703125,6157100,0.0,0
2020-10-29,42.17248639303002,44.09070494218724,42.11578894651156,43.70328140258789,4300100,0.0,0
2020-10-30,43.33475938582969,43.64658634715385,42.26698084808909,42.98513412475586,5165900,0.0,0
2020-11-02,43.70327973026852,45.413614786033,43.35365450172667,45.18682861328125,3675800,0.0,0
2020-11-03,45.59315364775635,46.330202439249504,45.03564136570165,46.046722412109375,3293500,0.0,0
2020-11-04,45.3096728507839,45.67819724026908,43.70517008490855,43.892269134521484,4542300,0.0,0
2020-11-05,44.31748939405148,46.727074905065,44.29859024594956,46.27350616455078,4253000,0.0,0
2020-11-06,46.519188879804574,47.07670114453256,45.386209618569545,45.57425308227539,3061500,0.0,0
2020-11-09,48.74923857996956,51.19662247194908,48.701992510400416,49.25005340576172,9208300,0.0,0
2020-11-10,49.44849103444856,50.74305204209419,49.20280571336187,50.516265869140625,6148700,0.0,0
2020-11-11,50.554066338762944,50.65328416724435,49.15556175858436,49.33509826660156,4118500,0.0,0
2020-11-12,48.890982333930374,49.20280928917915,47.75705859604243,48.22952651977539,3467600,0.0,0
2020-11-13,47.50192293863936,49.2595040974654,47.43577772123356,49.108314514160156,3482900,0.0,0
2020-11-16,50.60131156887558,50.96983595558769,49.268952229800384,50.96038818359375,4075600,0.0,0
2020-11-17,50.23278383492585,51.55569531385552,49.92095691488789,51.480098724365234,4795000,0.0,0
2020-11-18,51.640737801227615,53.176258324264694,51.52734292110606,52.25494384765625,5903500,0.0,0
2020-11-19,51.88642481377778,52.434489309907825,50.950936782489755,52.292747497558594,3514000,0.0,0
2020-11-20,52.037613609059335,52.36833969333395,51.29111347067494,51.71633529663086,2871700,0.0,0
2020-11-23,52.23604563076982,53.19043272990754,52.23604563076982,52.859703063964844,4560700,0.0,0
2020-11-24,53.86134094043752,54.9763654798567,53.49281655285126,54.551143646240234,4442800,0.0,0
2020-11-25,54.28656603053314,54.28656603053314,53.07232359120557,53.322731018066406,4158500,0.0,0
2020-11-27,53.49494967834121,53.628901749968485,52.63382400370841,53.006980895996094,2847400,0.7,0
2020-11-30,52.51901262698405,52.62426173444021,50.5192905350785,50.720218658447266,8760600,0.0,0
2020-12-01,52.0788839318235,52.0788839318235,50.61497380145268,51.21775817871094,4328700,0.0,0
2020-12-02,51.016831239146214,51.25124739130815,50.41404319795205,50.902015686035156,3723000,0.0,0
2020-12-03,50.701081219410774,51.561246955924474,50.519285995623505,51.28472900390625,3213800,0.0,0
2020-12-04,51.4856605078734,52.71993575586558,51.47609041723647,52.672096252441406,3294500,0.0,0
2020-12-07,52.55728444615243,52.56685088754848,50.72978754619179,50.91157913208008,3602700,0.0,0
2020-12-08,50.614973220368846,52.308514432180004,50.519290554498966,52.19369888305664,3161500,0.0,0
2020-12-09,52.56685053696291,53.341863682009176,52.00233560043003,52.298946380615234,3219100,0.0,0
2020-12-10,52.29894495390087,52.72950780051417,51.70572705963383,52.078880310058594,3402000,0.0,0
2020-12-11,51.94492800466671,52.09801661056877,51.256027453147304,51.66745376586914,2674800,0.0,0
2020-12-14,52.241539168677484,52.39462778642761,50.73935596640421,50.768062591552734,3121900,0.0,0
2020-12-15,51.52393559576632,51.81097994776814,50.85417517421689,51.79184341430664,2335500,0.0,0
2020-12-16,51.69616073860014,51.77270687243367,50.940287741557086,51.50480270385742,1948800,0.0,0
2020-12-17,51.858819448036115,51.98320509055532,51.27038290643266,51.50480270385742,2222300,0.0,0
2020-12-18,52.729510677754405,53.34186513749805,51.89709156216042,53.25575256347656,11536700,0.0,0
2020-12-21,51.71529432174151,52.81562120834211,51.40911710371567,52.7008056640625,4458800,0.0,0
2020-12-22,52.633823562134396,52.88259482157244,52.088445189415836,52.308509826660156,2268300,0.0,0
2020-12-23,52.643393240189695,53.360996740764925,52.3659190106531,52.38505554199219,2251600,0.0,0
2020-12-24,52.54771420174384,52.593641150135994,51.98798430873497,52.42333221435547,1074700,0.0,0
2020-12-28,52.88259148516518,53.36099379244919,51.83967430928924,51.944923400878906,3668200,0.0,0
2020-12-29,52.14585894369189,52.452036172101586,51.523934395404446,51.98320388793945,2222000,0.0,0
2020-12-30,52.002335428889445,53.25575093466213,51.95449592254523,53.07395935058594,3790000,0.0,0
2020-12-31,53.073958159634124,53.67674249590181,52.72950788181242,53.1026611328125,2663500,0.0,0
2021-01-04,53.40883781364074,53.6968347714289,51.33257337625766,51.705726623535156,4852800,0.0,0
2021-01-05,51.80140617793975,53.74371856236111,51.66745410314107,53.38970184326172,3112800,0.0,0
2021-01-06,54.490030650189475,56.652407755719906,54.10730729438141,55.90610122680664,6208400,0.0,0
2021-01-07,56.451479050948144,57.18821913078995,55.59513837989671,55.982643127441406,4437600,0.0,0
2021-01-08,55.848691027684524,56.31752695101003,55.25547311749175,55.69560241699219,4063500,0.0,0
2021-01-11,55.20763067531838,56.40363652335422,54.77706784004144,56.31752395629883,3455900,0.0,0
2021-01-12,56.757656951462664,58.566017328199145,56.451479726296725,58.40336227416992,6235000,0.0,0
2021-01-13,58.125885568357496,58.66169751472847,57.08296829858275,57.43698501586914,3236300,0.0,0
2021-01-14,57.60921070637342,57.886684948221806,56.853334109581056,57.073402404785156,3578800,0.0,0
2021-01-15,56.087892143603916,56.279253819222866,54.66225514257952,54.83448028564453,6692900,0.0,0
2021-01-19,55.265037913437574,55.68603431774765,53.896810549190654,55.064109802246094,4919300,0.0,0
2021-01-20,55.37028649234943,56.09746010207094,54.757932073586204,56.0400505065918,3724400,0.0,0
2021-01-21,55.982642439777216,56.231413710392886,54.83447969820451,55.07368087768555,3442000,0.0,0
2021-01-22,54.5283008978244,55.288958874534885,54.41348170706339,55.01626968383789,2621500,0.0,0
2021-01-25,54.40391784018342,54.93972615607168,53.255751427690804,54.7579345703125,3682400,0.0,0
2021-01-26,55.38942233596429,55.73387260471888,53.29402140093411,53.33229446411133,3060300,0.0,0
2021-01-27,52.27980862924668,52.70080503645891,50.38533574655258,52.04060745239258,6283500,0.0,0
2021-01-28,51.80140925738431,52.48073976277342,50.710652412129555,52.031044006347656,5817000,0.0,0
2021-01-29,51.5239312076136,52.34200243125711,49.52420925520554,49.658164978027344,8895400,0.0,0
2021-02-01,50.126996721354004,50.55755955836999,49.112786094072135,50.4714469909668,4128300,0.0,0
2021-02-02,51.24645829639694,52.49987005019749,50.58626075287016,52.251102447509766,5229500,0.0,0
2021-02-03,51.96406662420928,53.00219888874777,51.70477262786197,52.95914077758789,3984200,0.0,0
2021-02-04,53.07395307854932,53.93507504074297,52.45202861980951,53.9063720703125,4312200,0.0,0
2021-02-05,54.28909948806823,55.332016741775526,54.002055162340184,54.76750183105469,3732500,0.0,0
2021-02-08,55.255468835951255,55.743437604122086,54.73879344617971,54.872745513916016,2543200,0.0,0
2021-02-09,55.01627329004168,55.03062477734746,53.93508289732052,54.155147552490234,4209500,0.0,0
2021-02-10,54.53786717206501,55.85825866241898,54.040328296715394,55.178924560546875,3453000,0.0,0
2021-02-11,55.31288028269195,55.43726226408919,54.241256405052674,55.178924560546875,2326500,0.0,0
2021-02-12,55.07367634008369,55.75300675785792,54.96364220062334,55.63819122314453,1975100,0.0,0
2021-02-16,56.35579862456045,56.79114286768661,56.01134834652816,56.212276458740234,4072700,0.0,0
2021-02-17,56.04962178883151,56.3653654458775,55.12152005008603,56.011348724365234,3277800,0.0,0
2021-02-18,55.78171432499403,56.130949653001295,54.63354793350098,55.07368087768555,3112600,0.0,0
2021-02-19,55.25547667103197,57.915392821593635,55.25547667103197,57.78144073486328,4037100,0.0,0
2021-02-22,58.001501084683994,59.85770457680134,57.59964485438252,59.781158447265625,5672600,0.0,0
2021-02-23,60.22128996475975,60.24999658935521,58.853058873138124,59.436710357666016,4147200,0.0,0
2021-02-24,59.32189367350204,61.21636661411698,59.26735656269533,60.93889236450195,4668600,0.0,0
2021-02-25,60.445496551583545,60.79087393524438,59.134619138687974,59.352291107177734,3260300,0.7,0
2021-02-26,58.86857418560207,59.06206243614468,56.88532792112352,57.37872314453125,6399700,0.0,0
2021-03-01,59.15880985627777,60.24233891919308,58.59769428500283,59.536109924316406,4083800,0.0,0
2021-03-02,60.18429087252543,61.95470341260436,59.787641612961295,60.68735885620117,7316000,0.0,0
2021-03-03,60.46484751873706,61.32586635692685,59.99080149037834,60.22298812866211,5390300,0.0,0
2021-03-04,60.039173055583284,60.58093569797962,58.13331998448734,59.207176208496094,6050400,0.0,0
2021-03-05,60.09721942336289,60.98726388620202,58.771831016490395,60.86149597167969,3883800,0.0,0
2021-03-08,61.11302847826504,62.17720831083718,60.47451984062548,61.374237060546875,4437600,0.0,0
2021-03-09,61.59674514214735,61.63544352867239,59.894056730339535,60.23265838623047,5823200,0.0,0
2021-03-10,60.58094010116301,62.36102539230632,60.33908070666246,62.00307083129883,4238500,0.0,0
2021-03-11,62.23525856484821,63.14464483113189,62.128839845235866,62.225582122802734,3651800,0.0,0
2021-03-12,62.57386288217496,62.931817443421295,61.79991355735306,62.244930267333984,2690800,0.0,0
2021-03-15,61.98372203410656,62.19655947091286,60.41647427434722,60.85182189941406,5353300,0.0,0
2021-03-16,60.64866132298055,61.75154327803005,59.845690040550814,61.12270736694336,6461600,0.0,0
2021-03-17,61.412934268782685,64.09273668314712,61.122703746426964,63.86055374145508,5138900,0.0,0
2021-03-18,63.90892306406247,65.07952162983685,62.52548705342677,62.6125602722168,4203500,0.0,0
2021-03-19,62.612555597392735,62.689952368102354,60.61963303739394,61.82892990112305,6445800,0.0,0
2021-03-22,61.722513334268875,61.722513334268875,60.368103014054334,61.44195556640625,4631100,0.0,0
2021-03-23,60.629305912819866,60.646721293409584,58.43322605140787,58.771827697753906,5523500,0.0,0
2021-03-24,59.594153896104984,61.35489000959344,59.4035700495213,60.01982879638672,4322600,0.0,0
2021-03-25,59.46839061569066,61.24847595218116,59.25555316215412,61.180755615234375,3921200,0.0,0
2021-03-26,61.32586536753867,62.05144352605755,61.03563484222739,61.90633010864258,4256300,0.0,0
2021-03-29,61.54837842360751,62.99953849864443,61.43228694617791,61.81926345825195,3193700,0.0,0
2021-03-30,61.64512282025952,62.68028071952912,61.41293618085709,62.506141662597656,2605100,0.0,0
2021-03-31,62.17720840668842,62.84474268148706,61.44195748876572,61.85795593261719,3643800,0.0,0
2021-04-01,61.86763158723492,62.6125589378931,61.41293476125985,62.496463775634766,3698900,0.0,0
2021-04-05,62.88344265373958,63.09628010213708,62.15786446927335,62.48678970336914,4077900,0.0,0
2021-04-06,62.148185669822496,63.260740320002675,62.0417669496597,62.496463775634766,3420300,0.0,0
2021-04-07,62.390045190507145,62.854418459582824,61.587073947463224,61.90633010864258,2374000,0.0,0
2021-04-08,61.78056270384954,61.94502531637202,60.580938514729525,61.13237762451172,3638900,0.0,0
2021-04-09,61.13237840333696,61.49033295953101,60.50354620038034,61.084007263183594,3721000,0.0,0
2021-04-12,61.52902934433626,62.06112297205625,61.23879880497724,61.71284484863281,3143800,0.0,0
2021-04-13,61.51935546078264,61.606424990037134,60.41647721721334,61.24847412109375,4471600,0.0,0
2021-04-14,61.51935731707104,62.67060673596815,61.29684711125807,62.148189544677734,4234400,0.0,0
2021-04-15,62.76734866684332,62.80604705645777,61.722517980623856,62.467445373535156,2632500,0.0,0
2021-04-16,63.14464862173713,63.37683895899129,62.16754196440417,62.5738639831543,3698800,0.0,0
2021-04-19,62.6899566181465,62.92213956505382,61.857956038537544,62.448097229003906,2566600,0.0,0
2021-04-20,61.91600498133039,61.96437981260724,60.25201116650306,60.445499420166016,4532200,0.0,0
2021-04-21,60.42614781191434,62.90278555032541,60.343916506798955,62.70930099487305,4283500,0.0,0
2021-04-22,61.91600553804136,61.964380369753165,58.74281143517082,58.94597244262695,12028900,0.0,0
2021-04-23,59.110433302250364,60.45517460752538,58.48160110400258,60.087547302246094,5682300,0.0,0
2021-04-26,60.3294076313655,60.774428029145916,59.91340917981553,60.174617767333984,4871600,0.0,0
2021-04-27,60.24233517026552,60.803447016140524,59.71024526920851,60.609962463378906,3781300,0.0,0
2021-04-28,60.977589090923395,61.978890522590824,60.658336610644554,61.24847412109375,5584300,0.0,0
2021-04-29,61.74186566346414,62.583539009800255,61.369403821370305,61.97404861450195,4366000,0.0,0
2021-04-30,61.383910113096235,61.63544223928451,60.27135551190376,60.46484375,4932300,0.0,0
2021-05-03,61.122705119355864,62.91730503441757,61.064657537388335,62.448097229003906,6327800,0.0,0
2021-05-04,62.15786740107941,64.11208815579297,61.72251973176929,64.063720703125,7367200,0.0,0
2021-05-05,64.32492429067493,66.01310556857014,63.98632260511285,65.85347747802734,7467100,0.0,0
2021-05-06,65.80510251684562,66.84026045694938,64.98278203038316,66.7918930053711,4670600,0.0,0
2021-05-07,66.12435869730757,67.0627743532916,65.57291955876563,66.7918930053711,5174900,0.0,0
2021-05-10,67.47877223477754,68.30109271413419,66.42426879934725,66.49198913574219,5039000,0.0,0
2021-05-11,65.63095610190226,66.65644486540609,65.01179669573052,66.33718872070312,5693400,0.0,0
2021-05-12,66.51132778893032,66.84992943602695,65.20528864672197,65.39877319335938,4886200,0.0,0
2021-05-13,65.26334515953938,66.36622352683861,65.1279044745001,65.8631591796875,3068400,0.0,0
2021-05-14,66.26948134103404,67.7593362598182,66.14371709928561,67.5561752319336,4817200,0.0,0
2021-05-17,67.31430425479826,68.76546053138709,67.20788553737141,68.60099792480469,3607500,0.0,0
2021-05-18,68.68806452363302,69.0556881273172,67.24658467283474,67.26593017578125,3523800,0.0,0
2021-05-19,66.26947337480547,66.66612632034898,65.07952191913785,66.3178482055664,4398500,0.0,0
2021-05-20,66.23077704760826,66.48231288966011,65.65031596522661,66.03729248046875,3126500,0.0,0
2021-05-21,66.44362035916008,67.33366125602825,66.3178561175256,66.58873748779297,3855700,0.0,0
2021-05-24,67.32396932348021,67.73029866636192,66.84509250441852,67.2852783203125,3420100,0.0,0
2021-05-25,67.19821502725186,68.15597618767457,66.71449622569004,66.7918930053711,4419400,0.0,0
2021-05-26,66.58873233097822,67.37235443156067,65.9889183568633,67.30463409423828,6059200,0.0,0
2021-05-27,67.74439810414377,68.369850695454,66.68894406031411,67.09940338134766,6256600,0.7,0
2021-05-28,67.50985508248652,67.59780585793395,66.17099167147278,66.86485290527344,3815200,0.0,0
2021-06-01,67.59781035041343,68.9268990560463,67.28508403473414,68.80963134765625,4139100,0.0,0
2021-06-02,68.72166827642154,68.72166827642154,67.29485409549949,67.38280487060547,4797800,0.0,0
2021-06-03,67.77371807037193,69.09303195636512,66.88538239001129,69.00508117675781,4322500,0.0,0
2021-06-04,69.38621615547268,69.5230334500048,68.29167034323234,68.77053833007812,3041900,0.0,0
2021-06-07,68.77053453472836,68.86826010314606,67.32417077180439,67.66621398925781,2803900,0.0,0
2021-06-08,67.45121390694909,68.13530780434805,66.75735267180349,67.80303192138672,3469400,0.0,0
2021-06-09,67.67599123949518,67.93008369139096,66.91372133979102,67.27530670166016,3379200,0.0,0
2021-06-10,68.39917490384735,68.57508392988316,66.40554176076944,66.44463348388672,4022000,0.0,0
2021-06-11,66.91372515428264,67.45121955872267,66.29803984943668,66.45440673828125,2726100,0.0,0
2021-06-14,66.28826983481723,66.63031307037691,65.11554058377686,65.43804168701172,3712800,0.0,0
2021-06-15,65.38917954185304,65.8924733052748,64.92986116607405,65.69213104248047,3255000,0.0,0
2021-06-16,65.4869122001657,65.59441257447419,63.71804714944299,64.09918212890625,5428800,0.0,0
2021-06-17,64.27508884304412,64.30441322624225,60.91328280006064,62.09577941894531,5696100,0.0,0
2021-06-18,61.12827964019199,61.61691497501046,60.47351008097129,60.57123565673828,8745300,0.0,0
2021-06-21,61.704869295205924,62.49548314342597,61.36282605307842,61.67555236816406,5260000,0.0,0
2021-06-22,62.01759468056959,62.36941271176467,61.255324764974695,62.05668640136719,4019100,0.0,0
2021-06-23,62.54532397863673,62.8091837835388,61.66577886899042,61.71464538574219,3254400,0.0,0
2021-06-24,62.3303219253772,62.37918844110262,61.33350539804483,61.67555236816406,4253700,0.0,0
2021-06-25,61.81237159526672,62.418278383667186,61.67555429414324,61.851463317871094,4259700,0.0,0
2021-06-28,61.861231493772024,61.861231493772024,60.7569146137497,61.4703254699707,2727000,0.0,0
2021-06-29,61.841688152219966,62.359644153641014,61.1576016507066,61.54850769042969,2652900,0.0,0
2021-06-30,61.421459566217166,62.173958422712346,61.32373399129227,61.8416862487793,3356500,0.0,0
2021-07-01,62.760322463757355,62.95577361176201,61.97850295977198,62.05668640136719,3324700,0.0,0
2021-07-02,61.89055055806834,62.320548291598485,61.372594591052774,62.06645584106445,3172800,0.0,0
2021-07-06,61.958962284634026,62.007825072784435,60.00930460390412,60.52237319946289,3727000,0.0,0
2021-07-07,60.29760015201307,61.06964486409035,59.70537511934246,60.83509826660156,3424300,0.0,0
2021-07-08,59.61350985506945,60.610326368857486,59.2714666175895,60.014190673828125,4251300,0.0,0
2021-07-09,60.81555410305219,62.22282254327616,60.688507870534536,61.646236419677734,5063200,0.0,0
2021-07-12,61.13805206922271,62.154410693049975,60.56634591632984,61.783050537109375,3100400,0.0,0
2021-07-13,61.97850417435937,62.24236770292659,60.9035079273004,61.274871826171875,3074500,0.0,0
2021-07-14,61.5094139980254,62.19839160275809,60.756915142470035,60.903507232666016,2571700,0.0,0
2021-07-15,60.39532632109909,61.29441727100369,60.287825951524354,60.50282669067383,2745800,0.0,0
2021-07-16,59.90669141340912,60.31714703396783,58.4407854062556,58.64601135253906,6961300,0.0,0
2021-07-19,56.81851801645806,57.15079020424988,55.758180199531175,56.47647476196289,7815400,0.0,0
2021-07-20,56.81851581423602,57.844649265941605,56.318152220203594,57.28760528564453,6771700,0.0,0
2021-07-21,58.16715334774561,58.685105633235864,57.712722316591666,58.372379302978516,7428300,0.0,0
2021-07-22,57.228973468485094,59.50601225831954,56.68170053503527,59.10533142089844,7111300,0.0,0
2021-07-23,59.457147217596884,59.88714496674488,58.440784834528834,58.74374008178711,4690500,0.0,0
2021-07-26,58.83169410766197,60.62987225987461,58.83169410766197,60.60055160522461,6534300,0.0,0
2021-07-27,60.111918220746105,61.001234395371625,59.47669451200891,60.54191970825195,3568500,0.0,0
2021-07-28,60.42464568062704,60.883960348064974,59.67214683772838,60.4637336730957,4113600,0.0,0
2021-07-29,61.020776132244826,61.499640376059155,60.60054946767049,61.17713928222656,3708600,0.0,0
2021-07-30,61.06964389216354,61.787934680559474,60.26339486911644,60.74714279174805,4646800,0.0,0
2021-08-02,60.883964528070315,62.14464463953047,59.79919344276701,59.828514099121094,3714500,0.0,0
2021-08-03,59.76010140034398,60.85464347830918,58.78771442494548,60.8155517578125,4819700,0.0,0
2021-08-04,60.33669370556492,60.78623732574832,59.59396589761758,59.60374069213867,3340100,0.0,0
2021-08-05,59.89691951734464,60.39532591255675,59.515784557242725,59.61351013183594,3037100,0.0,0
2021-08-06,60.20964340606963,60.952367435860296,60.151005826878965,60.59077835083008,3141600,0.0,0
2021-08-09,60.31714945065521,60.810668475349665,59.965331398363624,60.41487503051758,3178100,0.0,0
2021-08-10,60.61032559410125,62.125094341851046,60.53214215339568,61.68532180786133,3560000,0.0,0
2021-08-11,61.97850361996402,62.83850657470532,61.783052469877425,62.77986526489258,3583600,0.0,0
2021-08-12,62.8971389049653,63.15123135870971,61.86416461525285,62.55509567260742,3581400,0.0,0
2021-08-13,62.51600510971536,62.6430476109479,61.910094618333105,62.242366790771484,2384500,0.0,0
2021-08-16,61.76350782839235,62.149530195018826,60.727599563724134,61.88077926635742,3163400,0.0,0
2021-08-17,61.26509413157147,61.44589053925101,59.750325408607736,60.893733978271484,3974300,0.0,0
2021-08-18,60.5028276696398,61.401918634092134,60.307372787976966,60.4735107421875,4574000,0.0,0
2021-08-19,59.65260082671495,59.99464405989901,58.782830552625505,59.173736572265625,3981600,0.0,0
2021-08-20,59.03692247711618,59.7210127085342,58.948967965533974,59.506011962890625,3203600,0.0,0
2021-08-23,60.10214497115527,61.001232179661756,60.06305325043977,60.649417877197266,3439900,0.0,0
2021-08-24,61.04032396481327,62.0860032631109,61.04032396481327,61.822139739990234,2896000,0.0,0
2021-08-25,61.861233747077655,62.72123299555288,61.39214426463439,62.418277740478516,3246700,0.0,0
2021-08-26,62.388957666997804,63.09258999118768,62.02736857484525,62.203277587890625,3618500,0.0,0
2021-08-27,62.731004430727815,64.35816093231001,62.66259578453441,63.893951416015625,5347900,0.0,0
2021-08-30,64.21006967993569,64.53408646409657,63.17283084646589,63.20246505737305,3925000,0.7,0
2021-08-31,62.925866595923004,63.10367939113582,61.928138826302444,62.135589599609375,5450000,0.0,0
2021-09-01,62.066441037821065,62.23437325208,61.0588364472535,61.779964447021484,3949200,0.0,0
2021-09-02,61.99728771864496,62.58999829108859,61.66141952476163,61.85898971557617,3414600,0.0,0
2021-09-03,61.691057910569754,62.06150060766884,60.92053453813381,61.36506652832031,3690400,0.0,0
2021-09-07,61.22677063987877,61.54288145085873,60.89090243217031,61.118106842041016,2514300,0.0,0
2021-09-08,61.0785949718011,61.35519098549688,59.774633184128554,59.95244598388672,4629000,0.0,0
2021-09-09,59.51779392091147,60.44636893419621,59.339981123083206,59.547428131103516,4439100,0.0,0
2021-09-10,60.11050133114433,60.69333133684421,59.606700911191304,59.67584991455078,4092600,0.0,0
2021-09-13,60.525397565821734,60.841508364017805,59.48321848265288,59.98208236694336,4549200,0.0,0
2021-09-14,60.49576417350497,60.55503259375634,58.798640393107924,58.925086975097656,4493600,0.0,0
2021-09-15,59.02387086388128,59.93268848930112,58.94484127819013,59.46840286254883,5167600,0.0,0
2021-09-16,59.40913214519248,59.586944949064964,58.35213590458279,58.747276306152344,4650700,0.0,0
2021-09-17,58.08541461831393,58.45091702725468,56.77157980157869,57.04817581176758,9622900,0.0,0
2021-09-20,55.576283050889124,56.43571284722076,54.637831204672466,55.497257232666016,7683900,0.0,0
2021-09-21,55.902275374174636,56.16899458075459,54.53904512998979,54.85515594482422,6156400,0.0,0
2021-09-22,55.57628415612889,56.287535375971906,55.57134763312421,55.61579895019531,6823800,0.0,0
2021-09-23,56.08008808263127,57.33959104848762,55.91215209284753,56.7320671081543,7814100,0.0,0
2021-09-24,56.504862018147406,56.6431600266998,56.05045319909295,56.11960220336914,7964900,0.0,0
2021-09-27,56.18875131388415,59.64621660758357,56.18875131388415,58.964599609375,12374000,0.0,0
2021-09-28,59.41900939155622,59.907992690581025,58.42128162936573,58.73739242553711,6681800,0.0,0
2021-09-29,58.737392799986445,58.875690803150825,58.05577959796,58.10517120361328,4578800,0.0,0
2021-09-30,58.20395407723378,58.45091587240535,56.8506044948282,56.8604850769043,4929000,0.0,0
2021-10-01,56.96914700124404,58.29286241824186,56.554252980321685,57.86809158325195,6925300,0.0,0
2021-10-04,57.86809094748044,58.28298496384454,56.97902695764591,57.532222747802734,5652900,0.0,0
2021-10-05,57.55197548472943,58.72257575849924,57.39392008546556,58.38176727294922,5646200,0.0,0
2021-10-06,57.65076471496154,57.858211728029985,55.61579807270566,56.46534729003906,8699100,0.0,0
2021-10-07,57.18647453454268,58.747274939254666,57.0876913206178,57.7989387512207,7235900,0.0,0
2021-10-08,58.095296535294715,58.569462750085684,57.690279324639626,57.99650955200195,4259000,0.0,0
2021-10-11,58.529947289963175,59.053505106266826,57.502585285451296,57.522342681884766,4139000,0.0,0
2021-10-12,57.31489557346453,57.660640589611596,56.80121457209028,57.038299560546875,5443800,0.0,0
2021-10-13,57.21610779922773,57.34452898987763,55.9615451761007,56.2183837890625,7689800,0.0,0
2021-10-14,56.73206475205486,58.06565695895079,56.44558816089298,58.026145935058594,6430400,0.0,0
2021-10-15,58.74727341389596,59.00411202443475,58.12492863098166,58.24346923828125,4281500,0.0,0
2021-10-18,56.99878399144153,58.66824439691676,56.89999701078921,58.23359298706055,4660100,0.0,0
2021-10-19,58.37189320605734,58.549706009639095,57.82857798104112,58.47067642211914,3650600,0.0,0
2021-10-20,58.44104237947896,59.8714470173419,58.22470585444484,59.16217041015625,5875300,0.0,0
2021-10-21,59.339983055740866,60.42661350600389,57.255624788686426,58.539825439453125,8916600,0.0,0
2021-10-22,58.915205498491154,59.45852069646313,57.67051970371284,57.690277099609375,5889500,0.0,0
2021-10-25,58.52007114260835,58.81148426456128,57.89772633704728,57.99650955200195,6293200,0.0,0
2021-10-26,57.996509552001946,59.03374838237833,57.472951729733644,57.99650955200195,6875200,0.0,0
2021-10-27,57.86809031304853,57.86809031304853,55.22065953716395,55.31944274902344,11512700,0.0,0
2021-10-28,55.5664041558824,56.16899154166249,55.526889364081555,55.88251495361328,5974400,0.0,0
2021-10-29,55.44786558533464,55.96154659259853,54.983576185466916,55.28981018066406,5894900,0.0,0
2021-11-01,55.32932152337023,57.27538176632886,55.32932152337023,56.741943359375,7562000,0.0,0
2021-11-02,56.93951114453259,58.02614530911297,56.54437453150714,57.75942611694336,5929500,0.0,0
2021-11-03,57.77918634839967,58.86087650666682,57.38404594764447,58.33237838745117,6234300,0.0,0
2021-11-04,58.2829857557051,58.297802861013984,56.10478083518537,56.475223541259766,9047900,0.0,0
2021-11-05,56.544375559364305,58.03108288671736,56.544375559364305,57.60137176513672,4977600,0.0,0
2021-11-08,58.213837120349496,58.95472253718577,57.58655202382545,57.858211517333984,4894100,0.0,0
2021-11-09,57.828576831669736,58.40152625644921,57.68533853339035,58.075538635253906,4447800,0.0,0
2021-11-10,58.12492802042823,58.56946000355473,57.77918301596202,58.0458984375,5103900,0.0,0
2021-11-11,58.362016523766826,59.251076775348025,58.30274433299282,58.9547233581543,4140400,0.0,0
2021-11-12,59.063385628806415,59.81414785082712,58.737394240491625,59.33010482788086,3499400,0.0,0
2021-11-15,59.76475616877057,60.080866974311895,59.05350497213355,59.191802978515625,3470400,0.0,0
2021-11-16,59.24119866369589,59.26095606018788,58.12493025609591,58.14468765258789,4004700,0.0,0
2021-11-17,57.96687636061932,58.26322977903324,57.4630721578113,57.63100814819336,3342400,0.0,0
2021-11-18,57.64088158324599,57.660638979093704,56.96914519777561,57.2753791809082,3801500,0.0,0
2021-11-19,56.75182175269117,56.82097075444313,55.34907678499853,56.643157958984375,7424300,0.0,0
2021-11-22,56.86048701382037,58.56946224242224,56.712308424334644,58.075538635253906,5309200,0.0,0
2021-11-23,58.61885175411175,58.994234737276095,58.115051350877394,58.46079635620117,5279400,0.0,0
2021-11-24,58.18420348836223,58.648489125061786,57.877969489755095,57.917484283447266,3307100,0.0,0
2021-11-26,55.951665295274154,57.06793369618874,55.299686288295504,56.89999771118164,4317500,0.0,0
2021-11-29,57.900001525878906,58.380001068115234,56.380001068115234,56.86000061035156,4564300,0.7,0
2021-11-30,56.2599983215332,56.4900016784668,54.40999984741211,54.93000030517578,10398200,0.0,0
2021-12-01,55.4900016784668,55.79999923706055,52.70000076293945,52.7599983215332,9113300,0.0,0
2021-12-02,52.5,53.474998474121094,52.06999969482422,53.18000030517578,7333300,0.0,0
2021-12-03,53.0,53.81999969482422,52.72999954223633,53.06999969482422,6969100,0.0,0
