Date,Open,High,Low,Close,Volume,Dividends,Stock Splits
2020-03-19,11.800250053405762,11.800250053405762,11.800250053405762,11.800250053405762,100,0.0,0
2020-03-20,12.783604042202818,12.783604042202818,11.800249885110293,12.537765502929688,2300,0.0,0
2020-03-23,12.537764594006216,12.537764594006216,11.308571986750703,11.347906112670898,18700,0.0,0
2020-03-24,12.685268087057478,12.685268087057478,11.308572660080552,11.505243301391602,96100,0.0,0
2020-03-25,11.603578487094056,13.226112365722658,11.603578487094056,13.226112365722656,19200,0.0,0
2020-03-26,13.76695730174731,15.19282054901123,13.76695730174731,15.19282054901123,76400,0.0,0
2020-03-27,14.750312336527607,15.733666492296114,14.3078031539917,14.3078031539917,486500,0.0,0
2020-03-30,14.99615130925092,16.22534403951739,14.99615130925092,15.635331153869629,210000,0.0,0
2020-03-31,16.117173075124256,16.962858200073242,14.317636087592172,16.962858200073242,461500,0.0,0
2020-04-01,15.733666711678406,15.733666711678406,14.31763712025918,14.799480438232422,2998900,0.0,0
2020-04-02,15.399325774547592,15.635330544488648,11.918252135618442,13.058942794799805,15966300,0.0,0
2020-04-03,13.521117319638599,16.717017777007722,13.157276457027894,16.638349533081055,66934300,0.0,0
2020-04-06,16.7760207763593,16.864522797282813,14.602809069590919,15.182987213134766,37138000,0.0,0
2020-04-07,14.946983074799197,15.536995947117427,14.30780324462079,14.996150970458984,23486000,0.0,0
2020-04-08,14.258634497569467,14.996150075029957,13.50145138789958,14.022629737854004,49372700,0.0,0
2020-04-09,13.766956836170559,15.241987925760261,13.668621055078107,14.53397274017334,34992600,0.0,0
2020-04-13,14.258635763073755,14.258635763073755,13.74729113384039,13.757124900817871,21497400,0.0,0
2020-04-14,13.766957199275097,13.963627828847692,13.550619037845477,13.639121055603027,22350000,0.0,0
2020-04-15,13.304779741663422,13.42769899521338,12.724600714859712,13.137609481811523,14990700,0.0,0
2020-04-16,12.931106427152562,13.02944221521743,12.05592185213346,12.675435066223145,21745200,0.0,0
2020-04-17,13.078609445808114,13.59978684539504,12.71476854890407,13.511284828186035,21336500,0.0,0
2020-04-20,13.275281592970082,14.494640566067272,13.25069811328814,14.209467887878418,20032200,0.0,0
2020-04-21,13.983296920679182,14.996151479321593,13.943962790376553,14.445472717285156,16235900,0.0,0
2020-04-22,14.701144498891114,14.907648909925154,13.983296412505878,14.543807983398438,12539500,0.0,0
2020-04-23,14.455305623695683,15.6549979332001,14.36680360133394,15.458327293395996,12226000,0.0,0
2020-04-24,15.340325692502667,16.392514372509325,15.035485481897195,15.97950553894043,17390000,0.0,0
2020-04-27,15.90083535752388,16.530181360968548,15.709081614324273,16.520347595214844,12186100,0.0,0
2020-04-28,16.599016715163195,17.45453562456019,16.333512528301284,16.71702003479004,12983800,0.0,0
2020-04-29,17.169360944520893,17.779041285464942,16.884189243143126,17.346364974975586,12523200,0.0,0
2020-04-30,16.933356021613918,17.543036356287136,16.702269095874026,17.415199279785156,19094100,0.0,0
2020-05-01,17.041526306552665,17.06119383849861,16.34334580286334,16.490848541259766,10727200,0.0,0
2020-05-04,15.881168010854987,16.245009845580537,15.428825096714622,16.12700653076172,9700300,0.0,0
2020-05-05,16.4023469169318,16.48101517100537,15.576329311359759,15.7041654586792,16298000,0.0,0
2020-05-06,15.733667172014503,16.097509050631025,15.173155579107373,16.018840789794922,10647200,0.0,0
2020-05-07,15.940165479560246,16.756350999769367,15.615659712287929,16.136837005615234,12454100,0.0,0
2020-05-08,16.75635340988449,18.093713602379314,16.653099812275084,18.054380416870117,17693300,0.0,0
2020-05-11,18.1232182029791,18.437891246829096,17.720043131096382,18.0445499420166,9574600,0.0,0
2020-05-12,18.083881230554454,18.09371499658923,17.395534488511935,17.50370216369629,7743200,0.0,0
2020-05-13,16.92352300625004,17.146745555286504,15.832001240619835,16.16634178161621,10676300,0.0,0
2020-05-14,15.753334809181311,16.436765681340795,15.458328360216186,16.274511337280273,7797200,0.0,0
2020-05-15,16.028671575237357,16.6826029722392,15.73366608635781,16.431846618652344,7353800,0.0,0
2020-05-18,17.01202734940842,17.425036199105936,17.002195457681708,17.25786590576172,6135000,0.0,0
2020-05-19,17.149696326145754,17.62170585217567,16.86452273191989,17.47420310974121,8338100,0.0,0
2020-05-20,17.857710872675895,18.732895449258624,17.73970942726655,18.418222427368164,11910000,0.0,0
2020-05-21,18.23138579420466,19.195072355713453,18.192050730176177,19.126237869262695,9711500,0.0,0
2020-05-22,19.145905644826755,19.52941505915654,18.634562885052524,18.73289680480957,5937100,0.0,0
2020-05-26,19.283575582504042,20.25709597102159,19.018069510472202,19.185239791870117,7305400,0.0,0
2020-05-27,19.24423876082071,19.7949165123067,19.10656979184897,19.65724754333496,8969700,0.0,0
2020-05-28,19.745750287104656,20.119424020486914,19.180320928387726,19.273740768432617,8509200,0.0,0
2020-05-29,18.64439409327146,20.630769959395725,18.565725834989273,20.12925910949707,32990600,0.0,0
2020-06-01,20.20792689708509,21.584624198355417,20.20792689708509,21.456787109375,7695700,0.0,0
2020-06-02,21.328950899458114,21.46563705898834,20.557018082986083,21.004444122314453,8295600,0.0,0
2020-06-03,21.112612573612875,22.20413626212318,21.024110551539113,21.850128173828125,9636300,0.0,0
2020-06-04,21.663293227338993,22.735149431940467,21.663293227338993,22.302473068237305,6651900,0.0,0
2020-06-05,23.148156227769046,23.993839471547485,22.990817847485648,23.167821884155273,7843600,0.0,0
2020-06-08,23.236658375846083,23.974174008551643,22.921985339320926,23.96434211730957,8570400,0.0,0
2020-06-09,23.344826816777353,23.561164050121338,22.82364845275879,22.82364845275879,6850000,0.0,0
2020-06-10,21.938629176339084,22.764646760240247,21.67312499805584,21.830461502075195,10262100,0.0,0
2020-06-11,19.824419944857603,21.43712018571967,19.667083427485657,20.70943832397461,6834800,0.0,0
2020-06-12,21.63379191163787,21.93863118158862,20.670105267536005,21.18144989013672,5212800,0.0,0
2020-06-15,20.375095521746363,22.164801492928643,20.286593505978043,21.60428810119629,7735600,0.0,0
2020-06-16,22.577809847168385,22.597477379844808,21.56003847615286,21.702625274658203,7287800,0.0,0
2020-06-17,21.800960957062347,21.968131232805597,20.729104814167243,20.906108856201172,5737700,0.0,0
2020-06-18,20.650437927246095,21.52562255349476,20.650437927246095,20.896276473999023,3618900,0.0,0
2020-06-19,21.39778626377836,21.486288286229033,20.650436893972227,21.092947006225586,14451100,0.0,0
2020-06-22,21.161781699061276,22.445059161324306,20.955276352826246,22.361473083496094,5995500,0.0,0
2020-06-23,22.735147664704204,22.85314910661494,21.9484632577032,22.017297744750977,5961200,0.0,0
2020-06-24,21.732126944748902,22.28280473989752,21.092947126644354,21.456787109375,6825600,0.0,0
2020-06-25,21.33835027867029,21.585093449928035,20.760970279026644,21.239652633666992,6141000,0.08,0
2020-06-26,21.239653527174916,21.45678684931572,20.32275502084868,20.69681739807129,21346900,0.0,0
2020-06-29,20.805386018352664,22.17727757298157,20.726428271665412,21.831838607788086,8086000,0.0,0
2020-06-30,21.525873803857678,22.118057793314083,21.131085105053746,21.930532455444336,7082500,0.0,0
2020-07-01,22.029231481891514,22.710243206587407,21.585094873829856,22.315454483032227,9181500,0.0,0
2020-07-02,22.690505221490906,22.917508521447882,22.27597655602538,22.611547470092773,5667400,0.0,0
2020-07-06,22.82867895314145,23.973569078750778,22.82867895314145,23.894609451293945,7145200,0.0,0
2020-07-07,23.450472845596984,23.865001477305814,23.41494251923665,23.697216033935547,4671900,0.0,0
2020-07-08,23.568907375596464,23.776172622621726,23.154378764046978,23.677474975585938,4692100,0.0,0
2020-07-09,23.687346069944414,23.904479397885165,23.450472835145106,23.59851837158203,5470300,0.0,0
2020-07-10,23.529429530727857,25.72050826678099,23.41099197735964,24.565750122070312,12262400,0.0,0
2020-07-13,24.812492661194863,24.88158044784083,22.956984844485003,23.96369743347168,8562400,0.0,0
2020-07-14,23.9834338897449,24.832230944522173,23.91434610761203,24.82236099243164,7218300,0.0,0
2020-07-15,25.246761617467858,26.223864365603706,25.207283688326534,26.10542869567871,5798700,0.0,0
2020-07-16,25.779727420165976,26.638392603902744,25.582332129708718,26.263343811035156,4863400,0.0,0
2020-07-17,26.539695122185442,26.549565075019213,25.98699094100131,26.13503646850586,3187100,0.0,0
2020-07-20,25.87842314889023,26.194255989707052,25.725443587362818,26.065948486328125,2442800,0.0,0
2020-07-21,25.947512458242525,26.450866864512243,25.819204956643595,26.22386360168457,4952700,0.0,0
2020-07-22,25.99686205160568,26.7074817447756,25.97712214505902,26.253475189208984,3503900,0.0,0
2020-07-23,26.31269214901865,27.270054994597725,26.174516572801327,26.993703842163086,6245400,0.0,0
2020-07-24,26.895007866557354,26.904877820114944,26.1942581064788,26.233736038208008,8293000,0.0,0
2020-07-27,26.154776545933313,26.431129579590717,25.740247936697727,25.90803337097168,5734900,0.0,0
2020-07-28,25.730377197265625,26.056078102958825,25.51324388763715,25.730377197265625,9895100,0.0,0
2020-07-29,25.769857713358054,27.358882474951802,25.769857713358054,26.825918197631836,12657500,0.0,0
2020-07-30,25.513243814387664,27.14174833817816,25.266500647676956,26.549564361572266,6742900,0.0,0
2020-07-31,26.500216906785138,26.998637283244246,26.28308171179222,26.885135650634766,9261300,0.0,0
2020-08-03,26.885138345183638,27.526670276730552,26.65813505721339,27.260189056396484,4115900,0.0,0
2020-08-04,27.043052897799857,27.50693129380207,26.806179664363054,27.408233642578125,4382200,0.0,0
2020-08-05,27.29966455909481,27.80795489398635,27.29966455909481,27.743803024291992,4177300,0.0,0
2020-08-06,27.654974969434004,28.168201215280263,27.576017230265425,27.901718139648438,3648700,0.0,0
2020-08-07,28.34585479056691,28.651817677832632,28.069503644005614,28.59259796142578,3477900,0.0,0
2020-08-10,28.641947219031955,29.1847814323299,28.53337962337198,29.076213836669922,3516900,0.0,0
2020-08-11,29.767097225013654,29.925012710358466,29.05647754096199,29.105825424194336,5113800,0.0,0
2020-08-12,29.480874241564404,29.79670519219701,29.23413107607006,29.40191650390625,3523800,0.0,0
2020-08-13,29.510485075350264,29.88553577743395,28.987390718629896,29.155176162719727,3643800,0.0,0
2020-08-14,29.32295664587528,29.656554637838067,28.898559985968582,29.135433197021484,5008300,0.0,0
2020-08-17,29.11569446857394,29.79177023676088,28.763344870489313,29.451265335083008,4588200,0.0,0
2020-08-18,29.33282695572925,29.658527860208206,28.987388028631084,29.076213836669922,3412900,0.0,0
2020-08-19,29.155176713542303,29.303222253477117,28.74064807222413,28.868953704833984,3864000,0.0,0
2020-08-20,28.641946215642054,29.026864939496015,28.375463153358126,28.632076263427734,3166800,0.0,0
2020-08-21,28.780122439191658,29.431524240212383,28.706098737143463,29.135433197021484,3112600,0.0,0
2020-08-24,29.372308016728894,30.04344975938617,29.35256811076814,29.984230041503906,3117300,0.0,0
2020-08-25,30.102667033071246,30.40369400460212,30.013839340406363,30.073057174682617,3233600,0.0,0
2020-08-26,30.11253669403022,30.833026298661803,30.01383904952566,30.625762939453125,3316600,0.0,0
2020-08-27,30.665239790082985,30.833025215093937,29.767094833406983,29.88553237915039,4144700,0.0,0
2020-08-28,29.98423118184484,30.077994797473856,29.564768517981832,29.9052734375,3689900,0.0,0
2020-08-31,29.796706737331515,30.063187939183294,29.441395958194402,29.461135864257812,3572700,0.0,0
2020-09-01,29.273611482741273,29.964493157634468,28.789995063316482,29.9052734375,2778500,0.0,0
2020-09-02,29.82631649057476,30.54680804479785,29.451267665534953,30.3790225982666,3445400,0.0,0
2020-09-03,30.10266848674419,30.290193833925855,28.582729567747396,28.94791030883789,5049400,0.0,0
2020-09-04,29.04660632308126,29.702942177498816,28.45442233757227,29.609180450439453,4277400,0.0,0
2020-09-08,28.967650608104083,29.855925707189666,28.819605072006674,29.184783935546875,4733300,0.0,0
2020-09-09,29.540092480013367,29.949685161460586,29.165041809108875,29.737485885620117,4782000,0.0,0
2020-09-10,29.510483076824602,29.61905067520706,28.20767942623919,28.76038360595703,9090300,0.0,0
2020-09-11,28.78999348111828,29.258805885995706,28.632078001107082,28.859081268310547,4547300,0.0,0
2020-09-14,29.016997312761614,29.056477124782884,28.454423168965892,28.770254135131836,4299400,0.0,0
2020-09-15,29.095953603776014,29.64865964951329,28.919286536541097,29.303218841552734,4052100,0.0,0
2020-09-16,29.76709881311375,30.137213604605552,29.140370873620828,29.855926513671875,4884300,0.0,0
2020-09-17,29.382178746595738,30.295127772657636,28.987390029447376,30.260583877563477,4735100,0.0,0
2020-09-18,30.102666335787017,30.793547955510384,30.102666335787017,30.38888931274414,8061000,0.0,0
2020-09-21,29.895403958163396,30.36915040191251,28.839341588867075,29.125564575195312,4516900,0.0,0
2020-09-22,29.12556558552454,29.934882925628735,29.105825679058317,29.865795135498047,4719700,0.0,0
2020-09-23,30.00396764242051,30.023707546864753,28.72090397355913,28.73077392578125,3348800,0.0,0
2020-09-24,28.74064417803366,29.57956941816181,28.414943281307185,29.490741729736328,4269300,0.0,0
2020-09-25,29.016997809548037,30.10266818620652,28.96764992617764,30.092798233032227,2845700,0.0,0
2020-09-28,30.349412342407177,31.148859750180023,30.033581360694505,30.339542388916016,7027600,0.0,0
2020-09-29,30.11253871557018,30.290194111104697,29.688140133460198,30.10266876220703,6851300,0.0,0
2020-09-30,30.21123485178559,30.833026822476082,29.954621724714602,30.142147064208984,5066600,0.0,0
2020-10-01,30.31980039767976,30.655371263306836,30.152014964866222,30.369150161743164,3730300,0.0,0
2020-10-02,29.944751273663826,31.109379337725397,29.865793534532585,30.823156356811523,2483100,0.0,0
2020-10-05,31.22781608285624,32.04700524305229,31.22781608285624,31.662086486816406,5088600,0.0,0
2020-10-06,31.918695505985244,31.968043385259744,31.040290453892876,31.09950828552246,2439400,0.0,0
2020-10-07,31.514037523003072,31.86934828512305,31.474557712767087,31.701560974121094,2209700,0.0,0
2020-10-08,31.889089925744198,32.04404235360043,31.217946292713542,31.53377914428711,2276400,0.0,0
2020-10-09,31.494301984671694,32.12596397602166,31.296906671124216,31.81013298034668,2700800,0.0,0
2020-10-12,32.165440223324396,32.728014357271604,31.78052147536073,32.570098876953125,3302600,0.0,0
2020-10-13,32.86619126234194,33.03397858478597,31.62260727511914,32.06674575805664,3534500,0.0,0
2020-10-14,32.25427032991661,32.6194491995417,32.007527138142464,32.086483001708984,3443600,0.0,0
2020-10-15,31.67195381162139,32.23452794441257,31.592994189123385,32.17530822753906,2691600,0.0,0
2020-10-16,32.49114073777272,32.83658345518051,31.997654368620626,32.33322525024414,3723000,0.0,0
2020-10-19,32.372704662901896,32.570099961121244,31.65221502465311,31.898958206176758,5529300,0.0,0
2020-10-20,32.027262619974984,33.35967416545087,31.928563097901566,32.79710006713867,3944800,0.0,0
2020-10-21,32.629319559731755,33.004366483462746,32.47140407473919,32.9155387878418,2909800,0.0,0
2020-10-22,32.718143954385795,33.68537667300541,32.718143954385795,33.44850158691406,3987700,0.0,0
2020-10-23,33.45837584214193,34.50456448847896,33.418896030770185,34.47495651245117,5072400,0.0,0
2020-10-26,34.001208742386666,34.001208742386666,32.836580707442664,33.27084732055664,5196800,0.0,0
2020-10-27,33.389288069362884,33.497851903179665,32.67866652436842,33.16228103637695,4032300,0.0,0
2020-10-28,32.50100922793562,33.320194558600825,32.33322192189461,32.866188049316406,6485900,0.0,0
2020-10-29,33.4301251851885,34.40957921366342,32.579283892367464,33.7071418762207,11949600,0.08,0
2020-10-30,33.608206434305885,34.50851440098249,32.64853613417498,33.03438186645508,6741100,0.0,0
2020-11-02,33.63788283640469,34.75584882270682,33.50926634529093,34.726165771484375,6313000,0.0,0
2020-11-03,35.07244454377964,36.61582752501245,35.052657098626746,36.55646896362305,6733100,0.0,0
2020-11-04,35.2505291268137,37.00167846221765,35.121912615426226,36.38827896118164,9039400,0.0,0
2020-11-05,37.110498281440286,37.89208529636648,36.981885563087005,37.79315185546875,5778100,0.0,0
2020-11-06,38.11963889936793,38.614313699615394,37.73874096376783,38.5351676940918,3443000,0.0,0
2020-11-09,40.30610120039821,40.86013451750006,38.26803982572937,38.38676071166992,7186400,0.0,0
2020-11-10,38.61431051792629,38.93090206207306,37.1797567346664,37.40730667114258,5588400,0.0,0
2020-11-11,38.080064607102074,38.31750637793533,37.48645263188112,37.65464401245117,4633000,0.0,0
2020-11-12,37.595280909851546,38.520324048798194,37.38257061689884,37.55570602416992,8192500,0.0,0
2020-11-13,37.82283218840645,38.19878606763313,37.73379057948616,37.88219451904297,5498900,0.0,0
2020-11-16,38.82207814442284,40.07854875633249,38.07017037019717,40.06865692138672,6135600,0.0,0
2020-11-17,41.00854025602231,41.03821953529333,39.43547429548364,39.93014907836914,6882700,0.0,0
2020-11-18,39.85099465007326,40.1576943383286,38.95068680126998,38.97047424316406,5997200,0.0,0
2020-11-19,38.584632707445486,38.86164937559172,38.099849764120535,38.71324920654297,8524800,0.0,0
2020-11-20,38.51538142719193,38.683569052866886,37.80304848534662,38.12953567504883,4338700,0.0,0
2020-11-23,38.58463230972783,38.723140642373245,37.99102409151347,38.35708236694336,6231700,0.0,0
2020-11-24,38.525270609297486,39.143614085927595,38.020703992957706,38.95069122314453,7022300,0.0,0
2020-11-25,38.64399575270996,38.82207897811035,38.109746076508785,38.198787689208984,4280300,0.0,0
2020-11-27,38.27793153051174,38.42633546798568,37.06103207505968,37.40730667114258,5923500,0.0,0
2020-11-30,37.34795154663079,38.07017638192894,37.011572494320866,37.66454315185547,21169200,0.0,0
2020-12-01,38.22845963614628,38.525263696860534,37.15006865543207,37.19953536987305,6595200,0.0,0
2020-12-02,36.793906792792875,36.88294839935205,36.170619320947445,36.437744140625,5578000,0.0,0
2020-12-03,36.793907242266584,37.367731774673125,36.210190875263244,36.299232482910156,5411900,0.0,0
2020-12-04,36.873056582868855,37.56560199265946,36.6603462878775,37.29847717285156,5534700,0.0,0
2020-12-07,37.15007288831012,37.29847682261058,36.31901915917895,36.447635650634766,3825100,0.0,0
2020-12-08,36.24976237867373,37.169857647131636,36.220083103584294,36.902732849121094,4022800,0.0,0
2020-12-09,37.011568202736285,37.58539277946313,36.99178075794544,37.436988830566406,4134800,0.0,0
2020-12-10,37.26879521749489,38.06027786571843,36.870087475172284,37.14018249511719,4095700,0.0,0
2020-12-11,36.76423263549805,36.99178260082517,36.3684912681043,36.76423263549805,3102600,0.0,0
2020-12-14,37.100609153627815,37.150075877685495,36.13104702063464,36.22998046875,6301200,0.0,0
2020-12-15,36.70486983977668,37.50624440040977,36.131049015698274,37.268798828125,4832100,0.0,0
2020-12-16,37.328158672590355,37.61507095250923,36.94231294569832,37.59528350830078,3990600,0.0,0
2020-12-17,38.00091806242232,38.451073942892236,37.84262227706274,38.2878303527832,4095200,0.0,0
2020-12-18,38.33729812541906,38.44612718846489,37.20944015216105,38.37687301635742,9683100,0.0,0
2020-12-21,37.59528280800536,38.307615689964386,37.527017447681985,38.109745025634766,2835900,0.0,0
2020-12-22,38.00057528988984,38.22883631659166,37.573825261662975,37.74253845214844,3303800,0.12,0
2020-12-23,37.83185677250864,38.10974287766949,37.51427589734995,37.87155532836914,2367600,0.0,0
2020-12-24,37.62344882827237,37.95095626836459,37.56390098847478,37.603599548339844,1395100,0.0,0
2020-12-28,37.82193170640246,39.131953682538374,37.464652297299494,37.47457504272461,3209700,0.0,0
2020-12-29,37.71277001017663,37.891409749935995,36.402747775850074,36.889041900634766,3748700,0.0,0
2020-12-30,37.02798544046724,37.51427954654322,36.96843760088399,37.44480895996094,3051000,0.0,0
2020-12-31,37.33564053116034,37.52420680053294,36.640930866123774,37.43488693237305,2096800,0.0,0
2021-01-04,38.06012136155959,38.08989717418052,36.70047787557803,36.750099182128906,4584200,0.0,0
2021-01-05,36.7203239617191,37.89140486661051,36.52183496691565,37.65321731567383,3701500,0.0,0
2021-01-06,38.030345882105046,39.95568041686801,38.030345882105046,39.74726867675781,6211500,0.0,0
2021-01-07,40.1045509597063,40.878653927064356,39.69765019662541,40.77941131591797,7771900,0.0,0
2021-01-08,40.88858202443028,41.03744594684662,39.69765171578414,40.3824348449707,6964100,0.0,0
2021-01-11,39.578558706201804,41.52671836519647,39.54878289386651,41.25578308105469,3761400,0.0,0
2021-01-12,41.245863581790495,41.62298856634368,40.739716376730435,41.424503326416016,4436100,0.0,0
2021-01-13,41.10691355209749,41.57336213739243,40.5213768662,41.06721878051758,3948600,0.0,0
2021-01-14,41.08706702569451,41.275629490009926,40.42212945577526,40.491600036621094,3748900,0.0,0
2021-01-15,40.29311401533609,40.29311401533609,39.271892615637086,40.07477951049805,4501100,0.0,0
2021-01-19,40.392361109908805,40.67024345859887,39.896140466754794,40.06485366821289,3383000,0.0,0
2021-01-20,40.104548833983706,40.104548833983706,39.389989956843166,39.73734664916992,4654700,0.0,0
2021-01-21,40.09462823413859,40.09462823413859,38.91362071721219,39.43961715698242,4647200,0.0,0
2021-01-22,38.90369892819367,39.80682034144357,38.80445252868855,39.21135330200195,2585000,0.0,0
2021-01-25,38.675435933951725,38.761776322002426,36.91881450303074,38.596038818359375,9176800,0.0,0
2021-01-26,38.59603908530826,38.7548295317284,37.018057367693146,37.037906646728516,4945100,0.0,0
2021-01-27,36.32334844480713,36.50198817370478,33.95141444938744,35.956146240234375,8138300,0.0,0
2021-01-28,36.531762210156835,38.15936518468187,36.1457026410219,37.9112548828125,8108500,0.0,0
2021-01-29,37.603598420434125,38.50671980802882,37.48450653027409,38.208988189697266,16346400,0.0,0
2021-02-01,38.903697964539866,39.15180827836237,38.2586096342562,38.36777877807617,4731700,0.0,0
2021-02-02,38.82429826046053,39.10218436781599,38.13951520284077,38.18913650512695,2902000,0.0,0
2021-02-03,38.01050103898476,38.36778051278074,37.66910326095209,37.861637115478516,2987900,0.0,0
2021-02-04,38.07997034714667,38.238760798400456,37.573826966857425,38.04027557373047,3439000,0.0,0
2021-02-05,37.712767435601776,39.687727185509026,37.712767435601776,38.85407638549805,4409600,0.0,0
2021-02-08,39.231200624728864,39.81674110207688,39.04263815387073,39.39991760253906,4544800,0.0,0
2021-02-09,36.81956569109684,37.99064656815511,36.670701787929325,36.96843338012695,12941200,0.0,0
2021-02-10,37.3753383827021,37.663147261965086,36.521838277777675,36.90888977050781,7926400,0.0,0
2021-02-11,37.01805439945208,37.19173084475703,36.35312064146669,36.9188117980957,11064800,0.0,0
2021-02-12,36.720324764999084,37.11730276329013,36.4821372088519,36.998207092285156,5472800,0.0,0
2021-02-16,37.17684908956252,37.24136019510643,36.49702924212653,37.127227783203125,4174600,0.0,0
2021-02-17,36.94858482061742,37.08653408459946,36.422592204650336,36.95851135253906,3844400,0.0,0
2021-02-18,36.809647195673975,36.94858836901902,36.08714930841668,36.37297439575195,3961800,0.0,0
2021-02-19,36.720326032978285,37.47457971274086,36.68062747460581,37.35548782348633,3225600,0.0,0
2021-02-22,37.12722409682723,37.583746127386206,36.988282938471244,37.0180549621582,3017600,0.0,0
2021-02-23,36.55161282974182,36.90888849741796,35.549245053328086,36.8195686340332,4340100,0.0,0
2021-02-24,36.581383066259484,37.226467571717954,36.41762936042004,37.16692352294922,5952400,0.0,0
2021-02-25,36.789799654571844,36.988288676958625,35.66833989607025,35.86682891845703,4449900,0.0,0
2021-02-26,36.11493457051289,36.720324306712946,35.747732387487325,36.253875732421875,5375200,0.0,0
2021-03-01,36.48213526605747,37.2810507003228,36.44244049703246,36.9188117980957,4156800,0.0,0
2021-03-02,37.117301197542346,37.13714668934325,36.40274234510636,36.8592643737793,4431900,0.0,0
2021-03-03,36.57145692400288,37.29395475794146,36.353122433085986,36.83941650390625,7100100,0.0,0
2021-03-04,36.67070178833286,36.928734825343625,34.794988593018296,35.25151062011719,6859200,0.0,0
2021-03-05,35.84697653165751,36.76002444118006,34.48733309278916,36.6607780456543,7047300,0.0,0
2021-03-08,36.5119133111797,37.50435452897183,36.02561544868192,36.77987289428711,4659800,0.0,0
2021-03-09,37.06767752696555,37.424956966836696,36.819567225484214,36.83941650390625,3643400,0.0,0
2021-03-10,37.325715386382136,38.80445070376662,37.19669696602456,38.48686981201172,6976500,0.0,0
2021-03-11,38.97316642164143,39.27089802479996,38.31815538034757,38.933467864990234,5156100,0.0,0
2021-03-12,38.70520811683553,39.320520621728235,38.62581100092016,39.290748596191406,2546200,0.0,0
2021-03-15,38.923545687669005,39.43961557408933,38.804450015974695,39.3006706237793,3634300,0.0,0
2021-03-16,39.32051624930821,39.35029205739686,38.02042080059819,38.2784538269043,5740800,0.0,0
2021-03-17,38.5166473016006,39.062489246470754,38.13951855651123,39.05256271362305,4066000,0.0,0
2021-03-18,39.10218573556631,41.28555339943154,39.10218573556631,40.69009017944336,10045200,0.0,0
2021-03-19,40.91834992177192,40.997747034404064,40.274257314046416,40.60076904296875,11066100,0.0,0
2021-03-22,40.312962987380736,41.37487483445611,39.54878276162186,41.09699249267578,10396900,0.0,0
2021-03-23,40.61069362792946,41.176388616390845,39.75223407743473,39.98545837402344,11248200,0.0,0
2021-03-24,40.193869256808775,40.91835089034401,39.82666706684988,39.83658981323242,8587400,0.0,0
2021-03-25,39.88621153880254,40.16905713698206,39.280825570630604,40.04500198364258,8091900,0.0,0
2021-03-26,40.51145172278719,40.82903262149116,39.52893700050396,40.77941131591797,5120300,0.0,0
2021-03-29,41.89094008638748,42.65512022716684,41.634890844811615,42.01995849609375,7698800,0.0,0
2021-03-30,41.75200511029075,42.595578699372794,41.47412275828502,42.03981399536133,3982200,0.0,0
2021-03-31,42.67497424943891,43.151345600710485,41.71230501419635,41.90087127685547,7297800,0.0,0
2021-04-01,41.9107928847013,42.07950986323943,41.54359068792473,41.7023811340332,4759900,0.0,0
2021-04-05,42.069581942049595,42.5955745675711,42.01003789288881,42.258148193359375,5731800,0.0,0
2021-04-06,42.317695064121764,42.97270614960346,41.980264881548585,42.486412048339844,6692600,0.0,0
2021-04-07,42.238298755074794,42.51618107907348,41.821471483214026,42.367313385009766,6117300,0.0,0
2021-04-08,42.25815170423537,42.67497522644216,41.73215524915048,42.208526611328125,5212400,0.0,0
2021-04-09,42.52610341383332,42.73451894067863,41.940562961170684,42.42686080932617,5578100,0.0,0
2021-04-12,42.476481239336216,42.67993349601953,42.15890036839956,42.277992248535156,5868600,0.0,0
2021-04-13,42.168829318976286,43.04217487121608,41.92071901270895,42.833763122558594,7778500,0.0,0
2021-04-14,42.80398941040039,43.449073909755334,42.73451883025236,42.80398941040039,4651100,0.0,0
2021-04-15,42.87346183225209,43.439153029679254,42.37724121795719,43.26051330566406,7090900,0.0,0
2021-04-16,43.548324584960945,43.945298826888134,43.11164799721906,43.54832458496094,5575700,0.0,0
2021-04-19,43.667413345632184,44.30753838193419,43.339905928325805,43.538394927978516,10654900,0.0,0
2021-04-20,43.25058981618743,43.339905890797894,41.69245363107371,42.19860076904297,6545400,0.0,0
2021-04-21,42.1787552818628,42.79903109483137,41.88102364881051,42.73452377319336,4288100,0.0,0
2021-04-22,42.91316137269691,43.37960618642879,42.52610610455869,42.7642936706543,6473400,0.0,0
2021-04-23,43.03225119985976,44.22318140151907,42.7444423421684,44.13386154174805,6615300,0.0,0
2021-04-26,44.481213836596666,44.81864399265898,43.68726164170377,43.76665496826172,4019400,0.0,0
2021-04-27,43.81628038738711,44.699552447492955,43.66741269340542,44.620155334472656,6740600,0.0,0
2021-04-28,44.60030876364828,44.977437501662585,44.13386394685835,44.15371322631836,6560200,0.0,0
2021-04-29,43.6376406466486,44.540761984547885,43.06202293513383,43.816280364990234,9151900,0.0,0
2021-04-30,43.46798233067643,43.63715534698446,42.78133288231497,43.36846923828125,7279100,0.12,0
2021-05-03,43.905842565374925,43.97550248502545,42.97040664708148,43.249046325683594,3928800,0.0,0
2021-05-04,42.95050364909651,43.14953361964383,42.57234708467468,42.920650482177734,9900900,0.0,0
2021-05-05,43.259000828723856,43.567493680518915,42.9405543903787,43.05997085571289,6946100,0.0,0
2021-05-06,43.1296287587597,43.97550135925082,42.95050217104945,43.945648193359375,6237900,0.0,0
2021-05-07,43.90584241861184,45.0452850950594,43.657055907497025,44.62234878540039,5266100,0.0,0
2021-05-10,44.67210641347695,45.42841955149821,44.67210641347695,45.18958282470703,5929800,0.0,0
2021-05-11,44.90098990112304,44.90098990112304,43.79637714900669,44.284000396728516,8457300,0.0,0
2021-05-12,44.025260414319426,44.22428657603671,42.18423804898895,42.22404479980469,7542300,0.0,0
2021-05-13,42.47283283239863,43.4281721094023,42.30365603341084,43.04006576538086,5084200,0.0,0
2021-05-14,43.398319898428674,43.86603975725125,43.239096682090484,43.42817306518555,4398200,0.0,0
2021-05-17,43.30875430262561,44.11482392789354,43.24904417610108,43.955596923828125,6998700,0.0,0
2021-05-18,44.06009080300861,44.26409375961755,43.328657883386285,43.44807434082031,6355800,0.0,0
2021-05-19,43.03011507062961,43.41822140649048,42.492735315046524,43.22914123535156,5250300,0.0,0
2021-05-20,43.34856376547787,43.85608658605391,43.000260366566394,43.67695999145508,4046000,0.0,0
2021-05-21,43.955600740461115,44.502934124008746,43.65705767427762,43.66701126098633,5536500,0.0,0
2021-05-24,43.86603825295457,44.46312434470168,43.71676483192739,44.164581298828125,5125600,0.0,0
2021-05-25,44.4332735809338,44.960699783694615,44.29394994222587,44.502933502197266,7026800,0.0,0
2021-05-26,44.5626398368911,44.81142635459805,44.30888032208033,44.502933502197266,6345000,0.0,0
2021-05-27,44.85123588970753,45.25924565220008,44.622352734765975,45.09007263183594,12343700,0.0,0
2021-05-28,45.473201821107644,45.90609175156457,45.189585327685855,45.707061767578125,4197100,0.0,0
2021-06-01,46.383759989631095,46.86142965860076,46.35390682162708,46.62259292602539,6199300,0.0,0
2021-06-02,46.53302986923334,46.707183473317265,45.68715720445899,45.82647705078125,5729600,0.0,0
2021-06-03,45.50802993774414,45.95584643450449,44.92089359669859,45.50802993774414,4230800,0.0,0
2021-06-04,45.72696171648664,45.82647480292668,45.537881537597286,45.66725158691406,4016900,0.0,0
2021-06-07,45.955846062055194,46.14492244974117,45.647349412080274,45.836429595947266,2982400,0.0,0
2021-06-08,45.97574840203965,46.23448470546742,45.56773867220833,46.134971618652344,3174000,0.0,0
2021-06-09,46.07526027995215,46.30414341056624,45.76676744121094,45.96579360961914,4567000,0.0,0
2021-06-10,46.18472732605065,46.40366066849794,45.55778426115759,45.63739776611328,5163900,0.0,0
2021-06-11,45.94589206817737,46.055358742881424,45.43836924458157,45.8762321472168,4065700,0.0,0
2021-06-14,45.87623202553747,46.06531220722695,45.538880607572125,45.98569869995117,3427700,0.0,0
2021-06-15,46.06531288003461,46.37380573478152,45.59759300841056,46.30414581298828,3962900,0.0,0
2021-06-16,46.503173976797434,46.90421770929424,46.249410673758796,46.68230056762695,6778600,0.0,0
2021-06-17,46.67235272068089,46.68230251117194,44.89104032448117,45.906089782714844,6200000,0.0,0
2021-06-18,45.209485912293665,45.637399022761144,44.80147617861315,44.831329345703125,7343600,0.0,0
2021-06-21,45.17963283987695,46.38375866665474,45.08011595573356,46.2742919921875,4158800,0.0,0
2021-06-22,46.37380412804064,46.473321010140836,45.78666781028262,45.88618469238281,4046100,0.0,0
2021-06-23,46.395032105519334,46.534715464175086,45.58685920832898,45.995933532714844,3100600,0.12,0
2021-06-24,46.14559649665211,46.28527985545199,45.846274469782934,46.115665435791016,3007300,0.0,0
2021-06-25,46.225418018405826,47.06351817636648,46.13562102918346,46.95376968383789,8003600,0.0,0
2021-06-28,46.95377058021488,47.83178137372194,46.569637527730144,47.77191925048828,6283700,0.0,0
2021-06-29,47.92157893447428,48.989163280478564,47.92157893447428,48.60004425048828,9447900,0.0,0
2021-06-30,48.35060823248823,48.879414428702624,48.141083188032084,48.490291595458984,4915700,0.0,0
2021-07-01,48.51024600460838,48.77963697365843,48.20094822265494,48.63995361328125,3466300,0.0,0
2021-07-02,48.689839588357486,48.78961613502056,48.33065163254259,48.41047286987305,2702900,0.0,0
2021-07-06,48.50026941249397,48.515234942834184,47.512502543093106,48.06126022338867,4026400,0.0,0
2021-07-07,48.091197208978784,48.94426673073052,47.91160322481145,48.71977615356445,4355900,0.0,0
2021-07-08,47.702076037591844,48.31069583874592,47.42270551582287,47.941532135009766,3482300,0.0,0
2021-07-09,48.44040416490276,48.75469553080256,48.101171516781235,48.16103744506836,3932600,0.0,0
2021-07-12,48.390518729070905,49.15878102954114,47.87169209215259,49.098915100097656,7450400,0.0,0
2021-07-13,48.97918642066595,49.50300282985782,48.909344740251846,49.11886978149414,5600100,0.0,0
2021-07-14,49.28848761389251,49.607764952103324,48.78961629717734,48.88938903808594,3919800,0.0,0
2021-07-15,48.61999950940229,49.56286602141437,48.40049490560309,49.44812774658203,3872700,0.0,0
2021-07-16,49.44812759842558,49.69756326341869,48.889390338649974,48.96921157836914,3331200,0.0,0
2021-07-19,48.20094869274,48.39051842565981,47.542438697335285,48.141082763671875,3722800,0.0,0
2021-07-20,48.37056456336828,49.95198579423217,48.20793430335841,49.78736114501953,5358600,0.0,0
2021-07-21,49.907087152435075,50.475800150958015,49.82726591456499,50.336116790771484,3963100,0.0,0
2021-07-22,50.38600328224622,50.89984013248743,50.11661231291774,50.69530487060547,6025400,0.0,0
2021-07-23,50.844964025870944,51.84270666596772,50.82500871633867,51.78284454345703,4494200,0.0,0
2021-07-26,51.68306881787078,51.97042071240277,51.14428687018795,51.39372253417969,2856100,0.0,0
2021-07-27,51.38374786965012,52.291693553550004,51.124336448287124,51.842708587646484,4072200,0.0,0
2021-07-28,51.752908602974244,52.18193823380645,51.41367596013218,51.45358657836914,5156200,0.0,0
2021-07-29,52.95519204169884,53.957924473147365,52.062211910997114,53.8182373046875,6166600,0.0,0
2021-07-30,54.097608559731206,55.38469370603783,53.83819333520482,55.125282287597656,6506800,0.0,0
2021-08-02,55.175169751068424,55.90352145480767,54.3590154426023,54.48672866821289,4010800,0.0,0
2021-08-03,54.865871130107564,57.12076789095009,54.855891571993425,57.050926208496094,4994000,0.0,0
2021-08-04,56.47223422317762,57.769302753369885,56.41237209821176,56.9112434387207,4619100,0.0,0
2021-08-05,57.23052057686858,57.40512478417262,55.783792933617725,56.192867279052734,4508600,0.0,0
2021-08-06,56.392414684400634,56.69173671632391,55.72891491281185,56.25273132324219,4683900,0.0,0
2021-08-09,55.97336138475003,56.40139383601533,55.8286920492299,56.1130485534668,2423800,0.0,0
2021-08-10,56.272687023458325,57.37020241682397,56.132999855244115,56.48221206665039,3763200,0.0,0
2021-08-11,56.651825307938076,56.89826938175327,55.953408511874926,56.76157760620117,3039200,0.0,0
2021-08-12,56.21282184867164,56.44230220468852,55.544332284547515,55.853633880615234,3510400,0.0,0
2021-08-13,55.8137217334765,56.12302332108146,55.614176250981544,56.023250579833984,2316300,0.0,0
2021-08-16,55.86361299543263,56.701716978885834,55.49444547225581,56.472232818603516,2081400,0.0,0
2021-08-17,55.82370224245411,56.013271976488916,54.24726702249693,55.025508880615234,3597000,0.0,0
2021-08-18,55.025508243824774,55.863612215578065,54.915755944200896,55.04545974731445,2632300,0.0,0
2021-08-19,54.17742599383349,55.853633976929686,54.10758431171166,55.125282287597656,4225200,0.0,0
2021-08-20,55.34478692627392,55.47449073253115,54.58650036835891,55.24501037597656,2621200,0.0,0
2021-08-23,55.73390516385741,56.038216977281635,55.225054279799835,55.75386047363281,3493300,0.0,0
2021-08-24,55.654083839625315,56.55704352667218,55.614177026221704,56.48221206665039,2546500,0.0,0
2021-08-25,56.33254794839002,57.9089831299292,56.302616887452416,57.60966110229492,3900200,0.0,0
2021-08-26,57.51986398857301,57.84412729758958,57.02597864765784,57.25047302246094,3601000,0.0,0
2021-08-27,57.479954313906944,58.28812341942817,57.479954313906944,58.188350677490234,3722600,0.0,0
2021-08-30,58.38790147259812,58.75706519458828,57.88903013787608,57.89900588989258,3709300,0.0,0
2021-08-31,57.86907309609183,57.87904884780982,56.81146452793777,57.469974517822266,4837900,0.0,0
2021-09-01,57.76930267832272,57.83914436141634,56.61192132208896,57.75932312011719,3007500,0.0,0
2021-09-02,58.01873739679184,58.15842076068839,57.34027208122046,57.78925323486328,3333300,0.0,0
2021-09-03,57.54979793150732,57.72939191790933,57.120768275778765,57.2804069519043,3048700,0.0,0
2021-09-07,56.192866616185306,56.86135618123172,55.96438345444091,56.09309387207031,4744800,0.0,0
2021-09-08,55.953408120660136,56.82144313690242,55.664061846550695,56.53209686279297,2650800,0.0,0
2021-09-09,56.681761394059606,57.26543993164562,56.282662811080385,56.6019401550293,2202000,0.0,0
2021-09-10,57.030971636302674,57.10081331966039,56.272688871524814,56.30261993408203,2345300,0.0,0
2021-09-13,56.8114658544498,56.95115302436604,55.05544044245109,55.61417770385742,4235500,0.0,0
2021-09-14,55.873590173428575,55.90851101504352,54.46677314451963,54.855892181396484,6193900,0.0,0
2021-09-15,54.93571175940577,55.773815738872976,54.70623140630103,55.63412857055664,3148900,0.0,0
2021-09-16,55.54433039601439,55.73390393164646,54.566543075153966,54.94568634033203,6828000,0.0,0
2021-09-17,54.64636650536982,54.955668103332975,54.446817210106055,54.87584686279297,15945100,0.0,0
2021-09-20,53.82821682674894,54.47674726677835,52.94022647560552,53.698509216308594,6439800,0.0,0
2021-09-21,53.98785378674066,54.03774015653229,51.553359357614184,51.57331466674805,8805600,0.0,0
2021-09-22,52.052232876262316,53.00008916686473,51.97241544242629,52.47128677368164,7154300,0.0,0
2021-09-23,52.86040419213674,54.05270633301407,52.86040419213674,53.36925506591797,4273700,0.0,0
2021-09-24,52.77060738857654,53.33932038638884,52.69078995689231,53.00008773803711,2135700,0.0,0
2021-09-27,52.97015738886708,53.02004376010099,52.156998500104464,52.25178146362305,2297800,0.0,0
2021-09-28,51.65313884919223,52.06221319455182,51.19417813119587,51.842708587646484,5489800,0.0,0
2021-09-29,52.152008872883876,52.95020223320716,52.08216719173597,52.73069763183594,4735200,0.0,0
2021-09-30,53.0200438835458,53.558825828733255,51.61322689739157,51.643157958984375,7036700,0.0,0
2021-10-01,51.74293535903404,52.6309257243671,51.009593889256266,52.34157943725586,3618500,0.0,0
2021-10-04,51.94248493703273,52.40144565324447,51.44361360043226,52.211875915527344,3638300,0.0,0
2021-10-05,52.501218221902214,53.30440137561988,52.17196512001593,52.700767517089844,3524600,0.0,0
2021-10-06,52.012325439538365,52.591014197699934,51.49349880451541,52.491241455078125,2767500,0.0,0
2021-10-07,53.11981998782801,53.858147412237415,53.11981998782801,53.22956848144531,2225300,0.0,0
2021-10-08,52.82049516413798,53.08988613964938,51.34383648088331,51.38374710083008,3107200,0.0,0
2021-10-11,51.24406397835261,51.83273230403713,50.985649754240164,51.13431167602539,2566700,0.0,0
2021-10-12,51.16923189685648,51.3238807903959,49.96695397704176,50.18645477294922,6017700,0.0,0
2021-10-13,50.55562021350173,50.85494606500443,49.817292755213735,50.61548614501953,4474800,0.0,0
2021-10-14,51.25403778059498,52.93024570162425,51.17422034944819,52.89033508300781,5567200,0.0,0
2021-10-15,53.449074386185636,53.79828279732843,52.94022730050809,53.309391021728516,3602200,0.0,0
2021-10-18,52.860404038280564,53.89805728610912,52.790562358723456,53.85814666748047,2449600,0.0,0
2021-10-19,54.27720087170944,54.366997861111614,53.26947867885329,53.84817123413086,3360600,0.0,0
2021-10-20,54.097609141501685,54.456797114040214,53.59873780321735,53.8980598449707,3884100,0.0,0
2021-10-21,53.668577683049726,54.21733537550928,53.409162464448826,54.19738006591797,2397900,0.0,0
2021-10-22,54.64636576556903,54.97561886312353,54.26722249030932,54.53661346435547,3510600,0.0,0
2021-10-25,53.9978296039318,55.21507681997534,53.229567328731044,54.47674560546875,3312900,0.0,0
2021-10-26,54.576522815144536,54.75611679366628,53.558824872216654,53.60871124267578,2314700,0.0,0
2021-10-27,53.53887225739877,54.177426966020406,52.97015923215224,53.040000915527344,2673400,0.0,0
2021-10-28,53.209999084472656,54.505001068115234,52.630001068115234,54.41999816894531,3441300,0.12,0
2021-10-29,53.560001373291016,54.08000183105469,52.040000915527344,52.22999954223633,3955800,0.0,0
2021-11-01,52.349998474121094,52.66999816894531,51.86000061035156,52.16999816894531,2945900,0.0,0
2021-11-02,52.4900016784668,53.029998779296875,51.869998931884766,52.400001525878906,4231000,0.0,0
2021-11-03,51.95000076293945,52.5,51.18000030517578,51.970001220703125,3105700,0.0,0
2021-11-04,51.91999816894531,53.02000045776367,51.91999816894531,52.970001220703125,2486300,0.0,0
2021-11-05,53.209999084472656,53.44499969482422,52.41999816894531,52.790000915527344,2466600,0.0,0
2021-11-08,52.97999954223633,53.41999816894531,52.369998931884766,53.34000015258789,2144800,0.0,0
2021-11-09,53.56999969482422,54.86000061035156,53.5,54.810001373291016,3504300,0.0,0
2021-11-10,54.939998626708984,55.060001373291016,54.40999984741211,54.630001068115234,2901800,0.0,0
2021-11-11,54.790000915527344,54.880001068115234,53.90999984741211,54.5,2315300,0.0,0
2021-11-12,54.900001525878906,56.15999984741211,54.68000030517578,56.119998931884766,2842500,0.0,0
2021-11-15,56.060001373291016,56.33000183105469,55.5,55.70000076293945,2956800,0.0,0
2021-11-16,55.52000045776367,56.630001068115234,55.5,56.2599983215332,3179900,0.0,0
2021-11-17,56.5,56.540000915527344,55.91999816894531,56.119998931884766,2507500,0.0,0
2021-11-18,56.54999923706055,57.060001373291016,56.20000076293945,57.02000045776367,3626600,0.0,0
2021-11-19,56.96500015258789,57.970001220703125,56.93000030517578,57.150001525878906,5009400,0.0,0
2021-11-22,57.369998931884766,57.599998474121094,56.400001525878906,56.40999984741211,4717900,0.0,0
2021-11-23,56.29999923706055,56.61000061035156,54.52000045776367,54.869998931884766,5108900,0.0,0
2021-11-24,54.58000183105469,55.83000183105469,54.349998474121094,55.689998626708984,3618700,0.0,0
2021-11-26,54.81999969482422,55.65999984741211,54.619998931884766,55.380001068115234,2927600,0.0,0
2021-11-29,56.15999984741211,56.20000076293945,55.02000045776367,55.97999954223633,3250400,0.0,0
2021-11-30,55.869998931884766,56.040000915527344,53.65999984741211,54.119998931884766,10100100,0.0,0
2021-12-01,54.790000915527344,55.900001525878906,53.54999923706055,53.599998474121094,4355300,0.0,0
2021-12-02,53.95000076293945,55.70000076293945,53.95000076293945,55.52000045776367,2869100,0.0,0
2021-12-03,55.86000061035156,56.17499923706055,54.970001220703125,56.119998931884766,3031200,0.0,0
